0.292
6.52131
0.203399
1.76315
1.20049
0.587102
2.70732
2.34657
1.00414
0.839653
0.824631
2.43745
3.35023
4.04163
0.652636
0.849567
9.69563
2.0787
1.86816
2.44846
0.711672
0.44584
0.241587
57.9126
2.4663
2.00446
0.0611169
0.270733
1.11862
2.40784
204.533
4.95744
0.356398
0.565986
0.826998
4.45124
0.924237
0.52106
0.872957
0.59415
0.0999018
0.759847
0.790431
7.10921
1.87043
0.318488
0.764784
7.42063
0.353097
1.35348
0.08219
0.0379399
77.2197
0.0951718
4.83091
3.39837
1.1971
248.892
0.192249
0.101249
0.460384
0.635029
5.89124
0.151418
0.102141
0.148182
0.17528
5.66523
0.661405
1.04334
2.77138
1.54833
0.152859
1.65693
0.0347287
3.69859
11.2178
2.46687
7.32338
0.154272
1.64829
0.205977
1.64333
0.281289
1.41878
0.391124
6.25821
0.0600838
0.752573
0.837158
0.095134
0.502981
0.871734
0.783936
0.492494
5.46635
1.99194
0.533728
1.29762
5.26535
1.19423
0.978766
0.869761
1.78365
7.04665
0.068331
13.0949
14.9047
1.31942
1.76018
1.79132
0.544982
1.85794
0.00049155
0.582417
99.534
0.315674
0.137678
1.06913
4.42932
1.06783
3.52448
1.12113
0.880031
0.605888
1.50409
0.0109715
0.244464
0.0747883
0.667555
1.49112
1.1182
6.62634
0.0625248
61.1051
1.31856
1.02553
1.47014
0.918131
0.27645
0.314348
1.38812
1.02687
0.438347
1.56104
3.11574
2.89258
0.244131
0.0331824
0.158518
0.023854
0.731686
7.27764
4.43442
541.778
0.708585
1.09674
103.772
3.25947
0.93426
4.52547
1.31007
0.0232949
0.443454
0.0419936
0.717384
0.0196674
1.4205
1.00558
0.0199495
0.780741
0.0786504
40334
0.381541
1.02129
6.99692
1.43662
0.0071433
0.209463
0.068054
2.05802
0.219087
0.211072
89.8634
0.261027
4.28578
79.7545
0.93561
0.272039
5.43239
0.983925
611.646
0.122469
0.61707
1.73627
0.838216
0.624021
5.41105
9.51722
6.67779
3.20268
0.478514
0.348001
0.0193702
0.18049
0.335341
0.722766
0.445559
0.053537
0.504307
0.582368
0.153349
0.190478
0.0224505
0.364913
0.325606
1.08376
0.493321
0.451027
0.0238371
0.38001
24813.1
2.86812
1.48362
0.0216457
0.411068
0.0303837
0.986043
0.0353907
4.06574
0.884171
0.411251
30.8689
0.0920392
0.67654
0.732194
11.5073
0.0650622
0.0950625
1.70135
0.0223093
1.5262
1.65718
2.13126
0.0121113
0.384809
0.168155
1.74422
0.760422
0.0530415
0.182543
2.48524
1.99723
0.421573
0.264935
9.18003
0.830351
0.0894656
2.9238
0.00830347
0.0176742
0.986203
0.0687618
13.48
0.0374195
9.01755
0.840344
0.220223
0.223542
0.237059
0.895788
0.168434
1.21365
8.71522
0.804686
0.00699239
12.4803
2.7314
0.210921
6.35975
11.1873
0.80559
3.31131
0.909221
0.310167
122.05
9.3622
1.38112
2.03004
0.00872253
0.175848
0.148547
3.38253
2.0463
109.521
0.133251
0.0217826
1.36029
0.315242
0.000150809
13.3363
0.0349186
0.0288673
124.871
0.574191
0.0839587
0.479807
0.266017
0.542561
4.86005
1.10437
0.233221
1.43319
99.8885
1.70029
0.000465416
1.73202
0.951244
1.04785
0.0409217
0.0713252
0.00984641
16.7277
0.016441
0.329641
0.38306
50.4686
10.0321
5.35799
0.415466
0.0574275
1.69542
0.0506702
0.0307925
32.0784
1.88923
1.39177
0.0115966
0.0802292
1.725
0.225614
0.420675
5.78954
86.213
0.113778
0.0250459
0.0344584
165.164
0.124937
0.186733
0.0457165
182.516
0.0920542
2.70571
0.390933
2.43327
15.4569
0.210995
82.3198
8.4526
0.00113597
0.349887
0.441097
15.839
0.626029
0.196874
0.0233242
0.000350656
0.160309
5.82853
0.804653
0.00233409
0.0696797
0.930497
3.08994
0.0696085
4836.31
4.86525
0.415687
0.0226467
0.198377
4.57599
0.162384
1.61414e-05
0.0150444
0.00890369
0.114182
0.0318028
0.00970245
0.154242
0.000315431
1
0.19168
2.22317
0.079989
0.000181832
0.024891
17.5526
0.00632432
0.0414207
0.0329056
0.0857054
0.295493
0.378763
0.0331859
3.02982
11.2737
0.955492
33.9036
0.12542
0.0221816
0.41573
4.18102
5.78885
0.503857
11.9248
1.45934
0.160819
0.00155426
0.267457
0.057327
10.4505
0.00788656
0.589432
0.0935613
0.253439
0.612308
7.11387e-05
0.866208
0.00391611
33.0085
0.000445541
0.121153
0.0327684
0.700049
7.35426
0.000291163
0.00248568
0.0863217
1.30383
0.0658955
0.00317888
1114.91
1.40043
0.69191
1.82664
0.145326
0.0514343
0.21211
1.01008
0.109057
0.000256107
0.000507281
68.6424
0.0903558
0.00353884
0.00343821
1.014
0.665212
0.0506552
20.6592
0.000326997
0.00331696
35.4645
0.569964
0.00399068
4.62652
1.10064
0.0559198
0.00215966
0.0187047
0.0695529
3.65876
0.833847
0.137821
6.72897
0.0366873
0.000918497
6.5496
0.0256033
0.609301
0.000642638
0.0883348
0.383211
0.000525482
51.9837
0.00186427
0.903413
1.92083
0.29929
0.0630179
0.999673
0.00389298
0.094238
0.0217569
0.00428193
0.273634
0.0143648
0.357139
5.4158
1.06978
0.000282547
0.256759
0.895689
2.25795
0.00143674
1.65481
0.65847
0.819425
0.175359
1.42067
1.14919
4.22796
2.99614
10.2983
0.00103171
0.106125
84.1892
0.120312
0.356955
5.14074
0.425196
0.878264
0.496428
0.52037
0.000367429
8.0959
2.85556
0.0202131
13.65
0.00176097
0.937085
0.00248238
0.0037708
0.0123794
0.071308
0.00311789
0.00961095
0.0738903
0.57384
1.40234
0.262971
0.792117
0.0814545
0.831318
0.13847
0.0673788
2463.81
0.00512405
0.169964
0.000524109
0.671819
6.88127
0.0691111
0.705267
0.0150807
0.0010466
3.30668
0.98405
0.163151
0.0121923
0.00764446
1.48304
0.000100551
4.29004
0.280051
0.230869
0.0200382
3.13445
3.49641
0.00522143
5.84285
0.00512027
0.016125
15.3087
0.000374933
0.931298
0.000893166
0.253193
2.07094
7.96004e-05
3.40723e-05
17.5287
3.06744
1.08173
14.5324
0.00232111
0.0643134
0.00833314
435.839
0.897547
1.32071
0.0062373
0.370222
1.12396
0.000134859
0.855144
0.00248417
1.76391
0.0254748
0.0381653
0.75643
0.02678
108.285
2.61408
0.230597
1.03964
0.000180647
0.0942459
0.00767025
0.744587
0.323146
0.798477
2.93824
0.0390846
0.0127474
0.221979
0.0332161
131.208
1.35012
0.0140059
1.35093
0.0025952
1.11882
1.39185
0.161807
329.642
1.55221
0.000778978
0.227161
7.75223e-05
0.564124
0.524494
0.215223
6.57769e-05
0.195829
0.766118
6.73472
0.492959
11.2752
2.0586
0.00195723
4.82371
0.000765202
31.4688
2.64467e-05
0.00809066
1.29323
0.00270126
2.26066
5.11303
9.02176
85.8371
726.828
2.83473
7.46987
0.00612689
0.361572
3.70895
0.00705538
0.56806
2.77485
0.454871
0.504353
8.611
0.226788
0.0161499
6.18431e-05
0.333015
16.8461
0.0235858
0.0913362
1.41163
0.000429025
4.49868e-06
1.69073
0.193335
2.65497
0.000116158
0.000275976
0.0243582
0.00293021
0.0252332
0.00275464
0.0558956
0.000222886
3.13695e-07
0.19521
1.43987e-08
184.874
0.00515403
0.978279
0.00194723
10.3734
18.2298
0.0456862
2.72043
0.108077
0.0459059
8.01773
246.133
0.00230247
3.77538e-05
0.0549222
0.274059
0.226731
0.00151718
4.66322
5.25346e-05
0.0253326
0.875761
0.00300848
0.10744
1.95587e-06
0.162892
1.64659e-06
0.504652
0.0943976
12.3033
0.0937597
5.36015e-06
2.40499e-05
0.215327
0.004048
13.3846
3.28476
0.861154
0.875943
0.917808
0.0323006
2.75843
0.0538291
0.315119
0.0449003
0.00295595
0.0818342
0.169401
0.270312
0.00360482
6.34327e-08
0.0519219
0.772803
0.000600954
0.0317468
0.658591
344.403
0.0704326
0.00266424
0.00131019
0.0926379
13.8014
0.188397
0.000175801
0.000287538
0.0281797
59.3426
7.93343
0.000897388
0.104696
0.920431
0.00292856
0.174705
1.15344
0.023269
1.07394e-05
0.878229
0.851688
0.171839
0.0196268
0.0047131
1.72891
4.32491
1.65521e-07
0.014773
11.9554
6.60859e-06
0.00140013
4.21606e-06
0.000178726
0.00255636
0.108437
0.107913
0.0788977
0.000277577
0.27901
0.00188881
0.188564
21.2432
1.70971
1.37584e-05
0.455046
0.681184
9.63043e-07
0.0351417
0.916904
0.0169689
0.0048375
0.996897
0.00122915
3.79009e-07
0.00278251
2.76456e-06
0.137377
0.449777
0.187655
8.1126e-07
102.897
0.0494153
16151.6
9.14995
0.0704304
0.0176498
0.122061
56064.7
0.0406244
496.357
0.698193
0.00999424
0.00954186
2.05565e-09
398.481
0.0308815
7.53767
0.526955
3.88491e-05
0.0783762
0.0497372
1.32947
0.020067
0.156975
0.00144055
3.03411
0.0167337
0.0554609
6.23165e-08
0.00440111
3.65625
2.99506
1.60397
42.5042
0.540507
0.722709
0.039527
0.183112
0.0707
1.26994e-06
3.57587e-07
0.00111807
0.0063716
0.0116789
0.271138
0.00541812
0.416164
0.00318469
1.00131e-07
0.340007
0.00301581
0.0547829
0.00737274
0.575146
0.0272685
1.34836
3.36845e-06
1.63796e-05
9.8486e-05
0.0613247
0.0239638
0.389078
10.8416
0.845403
0.0363892
0.126094
0.458396
23.3314
0.000239016
171.144
5.53006
0.012065
0.00173926
0.00918322
10.1247
0.329123
0.0604398
0.0894907
8.72973e-07
166.694
0.021325
0.0051501
0.298105
0.0127434
0.287481
0.00370035
0.000728992
5.83556
0.215175
0.308898
6.71017e-07
1.19144
0.0319614
0.260632
0.00149291
0.000184273
0.00164689
22.3388
0.0308983
1.01592e-06
0.25551
0.351705
0.108959
0.589858
0.0341685
1.26757
0.0358406
0.44433
97.6159
0.546763
0.0576165
0.00346672
3.98773e-06
1.97685e-08
0.0862359
0.00124588
0.23864
0.186941
1.62344e-07
1.13388
0.072712
1.03158
1.08792
1.4835
0.00012123
9.51695e-05
0.0153996
0.00759086
0.107212
0.133015
0.0158637
1.58106
0.00576156
6.08191e-07
0.000107618
0.00111777
0.300193
0.143483
0.641741
0.925686
0.143311
0.000379663
0.278821
1.19058
1.2615
0.0115218
0.121243
0.0647053
0.0073713
0.0306494
25.0621
0.0920687
0.00105323
0.0292004
0.476626
5.28588e-06
0.204727
0.334027
9.79717
220.976
2.12269e-06
0.0282339
5.13556
0.0860989
4.55382e-07
1.37328e-09
0.0554064
1.65886
0.473548
8.34513
0.00887554
1.29712e-07
1.73642e-08
0.0440494
4.28087
224.209
0.00137616
0.00372806
0.000707409
2.65665
4.59715e-05
0.0219869
4.85135e-07
0.000191281
2.60579
0.112809
3.27487
0.000932022
0.0012579
0.541915
2.21508
0.000877765
329.287
4.14499e-07
0.894975
0.0487672
0.00711585
0.0173097
0.0883119
5.30612e-05
0.000196759
181.672
0.00192361
0.00437244
0.323091
4.28215e-08
4.47716
6.08662e-06
0.0423054
2.78111
0.186903
0.652572
0.000159541
2.67511
0.739842
0.151157
5.58334e-07
1.84559
0.00732279
3.67164e-05
6.62632e-09
19.202
9.09761e-05
0.149047
0.560621
0.854383
0.365628
3.30049
0.0097113
5.46012e-07
316.164
0.00557847
0.0326129
0.00675407
7.42208e-07
4.34764e-05
0.00667415
0.214694
0.00262661
5.08698
0.000108088
0.0499334
0.408096
0.386744
0.28593
0.0536832
6.55154e-11
8.58665
0.857636
0.000300422
0.000569206
0.0919969
3.07453
0.00590594
4.16041e-05
0.33696
0.144469
3.36301e-10
0.0310342
0.00389362
0.00704463
2.0044e-06
0.0318781
1.54731
0.00218322
1.04576e-05
1.08782
3.09442
0.0346343
0.000500749
9.15239e-07
0.059332
0.324565
0.0193762
0.00144357
492.78
6.19578e-07
0.00024065
3.96992
5.11432e-05
0.00758441
4.40544e-06
3.55478e-09
0.0167726
1.9147e-05
0.0907948
476.608
1.92594e-05
4.07617
6.49446e-05
0.0980214
0.0295904
0.0793723
60.8855
1.51543
0.00962722
0.0271187
2.64326e-09
0.00104183
0.000392711
0.0400105
1.70462
6.34107
0.00200498
0.0158426
0.131645
0.144283
0.000286464
0.0115261
0.608883
0.115503
0.405916
2.57833e-06
3.70818e-07
0.00226929
0.000258267
0.110834
1.48199
0.636372
1.96997
0.123983
0.0395889
17.1717
0.113332
9.467e-11
9.66667e-09
0.00548909
0.116433
2.16309
1.42753e-07
7.00683
0.000941989
0.000100815
19.1607
1.29855e-06
0.00206529
5.5478e-06
0.00395752
3.457
1.52843e-08
5.3941e-08
3.36042e-05
0.0192072
0.210116
3.23104e-06
0.0139169
0.663417
0.833662
0.00195679
3.31878e-06
0.00977764
8.46445e-09
4.1637
1.27868e-07
0.0130849
0.0416423
0.00324781
0.000115878
0.0185418
0.725354
3.53116e-05
4.41956e-11
2.91236e-05
0.001047
0.028
6.96053e-06
0.101468
0.0241361
0.100547
2.92411e-09
0.0113641
0.972466
0.000583319
0.000334128
4.36771e-05
0.00604832
0.00371156
0.0155016
0.000622094
1.26569e-08
36.4965
0.000553611
0.0126819
0.528651
0.0026759
0.000919977
193406
0.00310006
0.758015
0.356775
0.0334136
0.0370847
0.167293
0.000740906
0.748252
7.32706
0.0080777
0.947452
0.000147933
492.752
1.26652e-07
0.0877923
4.54733e-05
2.29275e-05
5.58084
1.95025e-05
3.5626e-10
0.00448012
2.60405e-10
0.000585929
1.41819
0.00740676
7.71884
0.0355173
0.110361
4.04883
3.7212e-08
5.89322
0.00194778
0.182304
0.000165122
0.00283043
54.8019
0.00136458
0.376953
1.75414
1.21837e-06
0.0002081
92847.4
0.533905
2.7906e-10
0.00779018
8631.38
0.00782754
0.000246665
1.58977e-07
0.38943
9.50509e-15
1.16522e-05
0.350613
1.36703e-11
0.81827
846.059
0.0801442
0.0328669
7.50239e-06
1.19394e-08
1.17296e-06
4.52991e-05
1.90056e-05
0.136689
0.00157908
1.01955
5.10556e-07
0.402761
0.205576
0.00170646
0.0022768
11.7807
6.70669
0.046384
0.0139774
5.49254e-10
2.87014e-06
0.189727
5.57187e-11
1.81671e-07
103.86
0.00110524
0.000439536
0.000482541
1.12546e-05
6.68158e-06
3.42844
0.00730675
7.53296e-05
4.74561e-05
0.00013197
0.0760553
3.63073e-08
52.8663
0.000544402
0.0565165
0.00425721
0.00719326
2.50359e-05
8.83534e-14
0.00669548
0.0153385
0.000159154
0.00216908
0.864107
0.000727981
0.0156677
4.93787e-08
0.0023305
5.5455e-12
4.0678e-06
0.000113982
6.31439e-13
4.94077e-13
1.62626e-06
4.36062e-06
8.60509e-07
58.1962
0.481634
0.00239591
4.35959e-09
5.65974e-05
0.0108982
0.609063
5.48757e-05
153.784
2.3218
9.21012e-07
0.0117973
0.000166172
7.87562
2.87774e-11
1.02215e-11
0.000112776
7.48098e-05
4.92673e-05
2.48377
271.029
2.25485e-05
0.00862687
2.59725e-05
5.00959e-07
6.90345e-06
0.617389
5.94915e-06
0.0289341
0.00154172
0.62354
0.000439647
0.000130537
7.44362
291.632
1.04878
40019.5
13.5362
0.000130648
0.166959
0.000255991
0.0890664
0.00140334
1.11317e-07
1.99865e-06
0.000270497
0.175918
5.72766
0.0496734
4.44298e-06
1.79855e-05
2.62207
14.4648
0.0292474
2.14085e-05
13823
0.910161
0.00615621
0.000340464
5.71949e-07
0.000232679
411330
0.000580638
0.0515334
0.0400201
340.001
1.06422e-09
0.675031
0.000343141
6.13219
1.68845e-12
2.29788e-05
0.00640622
2.19313e-08
1.33022e-07
0.0574619
0.000377699
1.08104e-05
78.8223
1.24701
0.105925
5.26964e-12
2.95797
0.000150983
6.3116e-09
1.44798e-07
6.68342
4.20513e-11
6.07552e-07
27.3081
1.732e-07
0.0162096
0.359358
3.09443e-06
0.00565101
0.0328971
0.000542689
1.4552
2.70082e-13
0.381408
8.56015e-06
0.47743
3.85254
8.78291e-08
0.00606932
0.0295152
8339.13
0.0882269
0.852936
2.75577
1.52553e-10
1.95525
1.33376e-09
4.53944e-08
2.61129e-07
4.05208e-15
0.00985552
0.000847459
8.52421e-06
613.931
2.75326
3.73184e-15
1.89495e-08
0.473594
1.03168e-16
1.43223e-07
2.33911
5.31762e-13
0.000341864
1.61733e-05
0.000714747
1.05829
0.00141738
0.0527744
5.39655e-05
1.00133e-12
0.000927552
7.2881e-10
0.000272517
22.736
0.142085
6.00485e-09
384.216
6.79986e-10
0.000315593
0.000116475
0.000332612
0.183949
9.52424e-09
0.114373
3.67322e-07
5.04141e-05
114.228
0.000806646
0.000662087
1.14903e-06
0.00134105
1.36319
2.02493e-10
0.00393931
0.000120357
6.92837e-06
0.0259854
2.37647e-05
0.000237264
37.0151
0.0395376
229.058
1.92773
6.04552e-07
1.08465e-05
0.000289822
0.0128123
0.000531417
0.904264
0.0118242
0.000826545
2.37561e-07
20.0873
4.85957
0.000854875
1.4044e-07
136.266
3.5403e-07
3.33163e-06
4.32348e-05
1.03345e-13
23379.2
0.157037
1.31953e-06
1.11065
0.0966832
1.00615e-09
0.168859
13019.7
5.76382
0.00277216
0.0663637
0.051334
8.07531e-20
1.45117
747.618
10.6622
1.47026e-05
5.29861e-07
0.00211627
0.20345
5.35191e-05
0.313236
4.45537e-05
155.257
0.000133146
97.713
736.77
0.117454
9.3018e-10
1.50452e-08
0.0131624
2.56811e-05
1.39915e-08
343.107
0.0379072
1.42237e-12
0.000699748
0.308853
9.87075e-10
0.000101287
5.42937e-05
0.000201128
11.5579
0.0339622
0.486489
0.827812
2.04698
4.83476e-07
6.94121e-14
2.57062e-06
1.14014
3.30572e-07
1.92488e-06
3.18503e-06
0.000196058
0.998112
0.700065
77.4436
9.39304e-08
0.46242
1.52522e-05
0.0494075
5.35908e-12
5.95478e-05
4.37187e-11
1.29423e-07
4.57644
1.36225e-08
1.07174e-17
8.36579e-08
2.30548e-05
0.348792
3.03501e-08
0.0454072
8.20071
0.164938
0.000618204
0.00871516
0.211035
9.62297e-07
2.5802e-11
0.691755
0.333234
2.41423e-11
0.19837
8.7927e-07
0.00542689
7.07897
5.42759
357.711
1.38939e-07
0.00161441
13.5216
1.04695e-06
1.53023
42.8991
0.0146496
15.5717
0.00360073
0.00842001
19.3417
0.000245324
0.0448303
3.27626e-05
1.04153
17.4945
39.1034
1.15399e-18
1.89975e-05
2.35341e-13
1.74378e-05
1.16012e-07
4.86735
7.69158e-07
13.724
0.0295173
7.88285e-08
13.314
2.54974e-08
3.11003e-06
3.61171
1.24195e-11
1.26034
0.000453319
3.06436e-13
0.0136093
3.01841e-13
1.16099
0.00151041
2.79126e-05
0.166018
2.74129e-07
2.69977e-09
0.000402752
1.32618e-09
2.2973e-06
4.59389e-06
0.0029806
2.16322e-14
5.12257e-15
2.74565e-09
2.20877e-12
5.37584e-05
2.95792
7.00669e-15
8.37327e-11
0.000506844
0.000460609
1.07281e-05
2.33782e-08
2527.3
1.7202e-05
0.107168
2.50721e-07
0.492952
6.18823e-05
1.22586e-15
0.00184122
1.42035
2.66423e-11
0.000801829
7.57215e-12
0.000534536
1738.18
106.45
0.0103413
1.84026e-05
1.54761e-15
17.4758
21.6605
2.47049e-08
0.145416
2.24202e-09
0.00370818
1.56367
7.4082e-09
1.96482e-17
5.78481e-06
4.56062
0.678933
2892.19
8.774e-05
1.23638e-08
0.000177601
9.30531e-06
6.5255
3.89287e-09
3.1258e-05
0.000425686
0.000247959
0.375358
0.000193857
7.72948e-09
3.58692e-09
5.60546e-05
2.68838e-05
0.00505769
1.02414e-07
0.0496629
0.0609225
4.15455e-11
1.21412e-05
0.0218762
0.0207329
0.130309
0.500188
1.20949e-06
3.00799e-13
5.11358e-06
1.88104e-08
0.0472641
0.0518152
2.1557e-09
7.84668e-08
0.00802997
2.14311e-06
2.12235e-06
0.450815
0.00102994
0.0289329
23.5347
0.447376
1.99495e-06
132.732
7.52717e-05
2.40613e-15
6.77945
17.2033
7.72102e-13
1.767e-14
0.000250817
4.18371e-05
0.000995653
1.11285e-08
5.74556e-10
1.22081e-09
5.78628e-05
184.777
0.0026072
0.0254755
4.19328e-07
0.000530032
1.52674e-07
2.39342e-07
2.14413e-08
4.86796e-13
0.000221426
1.33423e-06
0.0186316
0.374957
0.0306896
0.0170255
5.4286e-15
6.38288e-13
0.000341344
0.00983837
1.45235
0.556994
31319.3
6.08859e-07
2.37545e-11
3.26114e-08
1.17398
7.8161e-07
1.84826e-07
0.00543604
1.42981e-13
3.55536e-14
0.43139
0.00581883
2.44207e-09
4.35066e-14
3.99263e-21
3.6413e-08
7.93747e-08
29.67
262476
5.08032e-05
6.74664e-06
1.73497e-05
2.30496e-10
1.20077e-09
196.223
0.0624844
1195.56
4.56149
1.78596e-07
4.23771e-08
2.08949e-18
5.53342e-12
4.70319e-11
0.00103791
0.000567714
1.26903e-11
0.000136522
0.042959
4.78505e-05
0.000287532
5.09001e-08
5.44005e-11
0.556787
1.00728
4.11965e-14
0.916502
0.000121846
3.37398e-07
5.33555e-05
2.46388e-07
2.78662e-11
1.04738
0.0273577
5.27578e-14
0.000754137
0.0985999
0.00108121
1.37284e-05
5.24369e-14
3.20591e-08
5.63841e-06
1.57597e-08
4.25534e-11
169.104
154.183
0.00250168
9.363e-18
6.31005e-09
2.44285e-12
98835
0.0311415
7.47097
0.0508691
1.44555e-17
1.7705e-09
4.99182e-19
0.0121465
0.322112
2.30503e-08
7.86901e-13
0.407395
1.98671e-06
3.71863e-07
2.60132
0.000763709
4.53169e-06
1.3707e-05
2.83961e-18
0.0725649
0.006074
3.09225e-06
1.78286
0.00467594
0.000985798
2.03314e-09
3.0387
7.73819e-13
2.05904e-18
7.03688
9.06043e-08
0.0195313
0.000211597
2.97179e-18
8.33915e-13
1.75337e-10
7293.04
3.51243
3.52722e-07
0.0976111
4.30732e-13
76.8875
5.6898
0.040981
0.503077
9.10787e-08
1.00195e-17
6.28792e-08
165.8
8.3187e-17
11.6678
5.39496e-06
3.04014e-16
0.253252
2.41562e-10
2.38408e-06
312392
1.17068
4.28994e-06
0.0082388
2.18004e-05
1.9038e-06
1.52765e-11
1.76618e-14
1.31181e-08
0.0400315
6.22537
0.501042
0.631661
6.25341e-22
2.1587e-06
1.47641e-24
3.77739e-20
0.0278324
9.92392e-05
0.000109282
2.45734e-18
6.70104e-12
1.81244e-09
0.000943474
0.0334704
0.000229987
4.94866e-08
3.10636e-08
428.589
2.49074e-06
8.17829e-06
1.15566e-09
0.00315633
3.45803e-07
0.0123062
0.0104089
91.6503
2.7276e-14
2.38891e-09
3.9726e-14
1.03952e-15
1.54872e-05
2.62648e-22
12.1428
3.52087e-11
2.99782e-08
2.48963
13.2104
1.0245e-16
1.28375e-13
1.70891e-05
2.01931e-12
58.7123
0.000841795
1.22442e-11
2.81582e-05
5.14528e-07
1.38775e-21
0.0202188
2.35574e-05
0.175286
3.20538e-10
4.14066e-05
4.62198e-06
0.142512
2.46648e-06
88.896
0.00356464
0.0099778
9705.36
0.0134352
3.26444e-05
2.11093e-12
6.48145e-10
1.46755e-14
0.0282162
2.20414e-17
3.27444e-10
3.26827e-18
2.38095
35.2192
0.963687
1.02847e-08
4.19131e-15
0.181741
36884.1
2.0734
9.93111e-18
8.18699e-16
2.8254e-15
1.66259e-12
0.000128338
4.36088e-06
0.00221115
4.86887e-07
4.66201e-06
1227.19
2.7153e-11
0.000530317
1.97259
8.09162
8.21202e-06
2.62464e-14
0.0281876
3.47846e-09
7.39296e-07
6.1927e-13
4.10693e-13
8.78413e-07
4.05774e-14
0.191388
0.000224174
8.25015e-11
5.80788e-05
0.235997
2.40351e-20
5.96903e-08
0.595034
5.59291e+07
0.579668
5.49104e-16
0.802014
4.23224e-05
0.0962041
0.000673738
4.24771e-06
74.9754
0.727031
2.79616e-09
1.1207e-18
0.000748662
5.36334
8.80595e-10
3.99226e-08
0.00027025
1.541e-10
6.86052e-06
7.14591e-09
0.151725
1.38476e-18
4.82776e-07
7.17938e-13
0.000729125
59692.3
11.6775
0.000857185
2.77904e-15
14.0107
0.00124823
2.14557e-19
0.000827359
119.894
4.61906e-09
0.00850465
2.4055e-22
1241
0.0143614
2.03949e-19
0.000144833
1.74508
1.77488e-07
3.992e-08
1.86148e-09
0.000107886
9.13472
0.0116756
3.35968e-20
1.2641e-14
8.95854e-23
3.2173e-19
2.85685e-19
0.000329304
1.95723e+09
0.097717
1514.5
3.39773e-27
0.000207988
13.7361
6.22666e-08
1.73743e-14
4.80303e-09
1.8911e-24
1.34972e-12
0.292158
0.00478092
2.09078e-09
0.0342323
1.61045e-17
7.52112e-16
0.000824512
0.0127191
3.36729e-10
0.00362554
3.34109e-19
0.035878
0.00196983
5.83589e-15
1.9095e-05
1.66866e-29
0.000695156
2.622e-10
6.24581
2.27862e-05
9.74174e-17
1.98463e-09
5.54459e-11
8.29483e-21
6.15879e-20
6.50055e-07
2.11508e+09
7.07536e-17
1.5419e-10
1.42431e+07
1.11746e-12
2.05205e-05
6.29564
5.39594e-05
1.43377e+08
4.65301e-16
1.94263e-07
4.54454
1.45428e-07
4.23833e-08
1.01732e-21
2.36196e-10
5.01833e-16
1.73436e-05
6.80036e-06
4.66817e-12
0.00832017
2.51638e-05
75022
8.50601e-10
0.00072827
1.07593e-19
0.611861
1.71652e-11
1.41493e-09
1.60841e-14
1.66177e-09
8.78365e-18
3.75247e-10
4.03512e-12
5.33182e-07
4.12762e-15
6.0638e-07
0.118712
4.54178e-17
0.0229066
3.97965e-15
1.14075e-11
8.45357e-18
2.7734e-27
10.3324
0.10597
1.05677e-05
3.29268e-18
1.23787e+06
0.0188953
5.56639e-14
0.116577
2.59563e-14
0.0120808
0.00343052
1.03903e-19
5.53878e-05
9.87616e-20
1.45158e-05
0.405648
2.67975e-11
0.0303187
3.82664
0.000197766
0.00116774
1689.94
1.29072e-14
7.11341e-18
293.145
576.436
108.246
142.088
8.26055e-12
5.22224e-18
0.000589055
6.97784e-18
2.78395e-11
7.08999e-14
1.92089e-19
18.9824
0.122412
0.00178796
4.26347e-10
8.34477e-11
1.12018e-08
5.81858e-06
0.000240644
0.0190903
1.2681e-13
0.204475
0.0116582
14.0241
1.19579e-25
9.03806e-12
0.0122408
0.0493511
2.01597e-13
5.24202e-23
1.47232e-06
2.05342
5.96615e-11
0.0069825
0.0267589
3.55284e-06
59.2701
5.7475e-13
4.97532e-18
965.989
0.00880344
7.68728
0.0292274
0.199169
1.12237e-13
9.81255e-27
0.00648412
2.79245e-05
7.49414e-32
5.09538e-16
0.429852
1.54775e-20
3.75909e-06
4.17408e-08
3.37103e-09
6.50889e-14
0.00552265
1.29861e-08
1.24808e-12
20.6124
5.62793e-05
0.0081846
1.42611e-09
0.0890441
6.3469e-08
2.75569e-31
0.00519313
1.04643e-08
4002.1
5634.69
2.19463e-19
0.0847718
6.84407
1.35574e-33
2.35812e-32
3.25828e-21
0.00945208
4.20479e-18
0.000242694
5.33661e-09
4.00296e-27
0.0287977
1.90118e-13
1.13546e-05
8.44986e-19
9.8299e-09
0.0404844
1.71024e-10
2.09355e-07
15.3363
1.18638e-16
0.00693704
4.59318e-25
2.69541e-08
1.97468e-13
8.10304e-06
2.49153e-33
4.34608e-12
0.837318
0.00011097
1.78505e-21
3.38459e-19
52.7672
2.29976e-19
0.0131282
0.00489388
0.0575006
2.61493e-19
2.74368e-06
2.97451e-10
5.58259e-25
0.228605
2.6598e-11
0.00117754
2.69229e-06
2.17301e-05
3.94756e-08
0.0012731
1.33385e-05
0.0216002
0.0017152
9.61515e-15
1.68107e-21
1.7936e-23
1.26452e-17
1.76645e-13
5.24981e-10
0.00148662
2.28908e-23
6.42463e-19
0.0235329
9.22489e-05
1.19008e-11
2.32819e-13
3.04791e-15
1.01738e-07
0.00215963
5.18979e-06
0.000101207
5.33162e-19
4.2468e-12
3.58595e-13
37.7523
3.33861e-15
1.4446
0.175707
1.78375e-19
8.52907e+08
1.49077e-31
1.11804e-20
3.761e-19
19.2844
1.15382
9.66268e-17
6.59067e-22
4.76269e-24
1.70873e-23
6.11596e-14
3.64832e-08
9.34615e-14
1.41818e-15
4.03115e-19
1.22324
1.78139e-25
266.704
1.41465e-25
3.06286e-05
9.4539e-26
3.04275e-19
4.32263e-22
1.25703e-06
5.97548e-27
1.09274e-27
6.62084e-13
0.722182
0.0383845
0.00210499
9.05729e-18
1.97039e-13
1.40435e-16
2.9702e-17
2.78192e-23
2.47496e-11
1.42579e-29
3.2787e-23
3.86073e-18
3.98261e-09
0.145692
1.04616e-21
8486.69
2.00048e-16
17.5369
5.1079e-19
2.27482e-09
9.51663e-29
1.40204e-05
3.28676e-14
0
0.0257627
4.89906e-15
1.30705e-10
3.31658e-21
2.56149e-18
1.24199e+06
3.52555e-12
5.52249e-13
9.05083e-14
4.63553e-18
1.13983e-35
6.69507e-14
1.74284e-14
0.000354928
3.18257e-15
6.61078e-30
242.509
7.40407e-14
2.31609e-09
6.81771e-18
7.79884e-05
10.8636
3.93747e-11
0.00232252
0.609605
36.6794
0
9.78327e-31
6.02623e-07
1.0851e-15
1.44369e-06
1.13429e-14
2.91575e-06
0.0246462
146.686
0.0232141
9.26847e-17
11.8991
9.10037e-14
6.76543e-09
3.88181e-15
3.33097e-06
1.69863e-11
0.108324
3.47585e-08
2.50678e-26
4.90902e-10
7.10293e-12
2.30679e-07
4.42762e-10
3.07928e-18
158417
2.24286e-08
1.63117e-28
0.00122076
1.13513e-12
1.07642
3.00008e-09
2.14358e-11
3.63946e-16
5.47129e-18
1.47721e-14
8.29154e-28
3.39342e-25
3.33233e-09
0.000203334
5.38094e-05
5.85058e-16
3.58365e-15
0.00250046
8.71648e-20
0.00614207
0.00886366
2.00707e-23
5.60804e-29
3.25821e-12
3.86853e-15
3.08547e-16
3.49833e-09
1.0752e-15
1.409
3.76513e-08
0.299072
1.20132e-38
3.06266e-34
1.3788e-10
7.49977e-31
566759
1.60751e-18
3.66421e-09
2.75323e-13
2.76019e+06
0.0400789
1.08852e-09
0.00033165
0.674816
5.25802e-05
1.77393e-11
3.06296e-15
2.24663e-13
8.27961e-38
1.52504e-35
1.45429e-06
9.13306e-27
6.72348e-07
2.38952e-18
4.65758e-13
2.12883e+06
6.73248e-17
7.62975e-21
0.0346887
3.19165e-37
161.034
6.19802e-12
0.237425
1.20208e-12
2.88699e-11
3.47198e-31
1.41538e-10
1.21362e-19
1.87969e-18
3.43722e-09
9.13396e-08
2.66247e-42
1.81288e-13
2.01729e-14
9.81036e+06
0.00190557
0.000330392
2.56452e-11
7.01771e-05
3.03334e-14
80.422
7.81234e-10
1.06978e-18
2.46791e-24
5.17959e-22
6.19656e-10
1.62692e-21
4.58627e-16
0
6.03934e-30
9.71013e-23
4.49678e-38
2540.06
1.91571e-22
8.21633e-26
6.63965e-37
2.53573e-05
5.18622e-09
1.75216e-10
7.41728e-19
4.34236e-36
0.0613565
1.07974e-31
1.22969e-08
1.40083e-12
1.72133e-08
2.01651e-36
3.2359e-26
1.00757e-17
9.89114e-34
4.88787e-16
704.328
1.32787e-36
4.18184e+06
0.000216497
0.0702385
5.82466e-07
1.43208e-32
3.71511e-10
0.00562638
2006.25
1.91525e-21
5.49213e-35
5.87452e-27
7.95945e-06
2.47304e-17
3.68522e-10
0.00860856
1.57076e-24
6.7207e-25
21.9696
1.54162e-19
1.01703e-10
0.000117774
1.11679e-11
3.00382e-07
2.46038e-18
9.22054e-43
1.74714e-11
169.742
7.79866e-10
3.77792e-18
0.00181745
6.52411e-10
2.73402e-18
5.93189e-37
2.05591e-30
1.10045e-13
2.54683e-22
0.00295056
1.1156e+10
9.19299e-21
5.88895e-13
9.26738e-23
3.21278e-34
0.000175846
2.24248e-08
2.88249e-06
3.59674e-19
2.54962e-09
1.41178e-09
8.53186
0.0966399
2.40111e-18
0.370602
5.69069e-22
8.20321e-06
3.77684e-13
2.76238e-06
2.67057e-26
0.00636942
5.26001e-16
8.59423e-05
2.44178e-17
0.00796145
3.81766e-22
8.3193e-19
1.3055e-28
2.5548e-13
6.75222e-20
1.82027e-40
0.0262084
1.11545e-19
7.36699e-15
2.98251e-08
0.00113594
3.25361e+15
1.24717e-27
9.34261e-13
2.62253e-18
0.000122453
7.40943e-25
2.76926e-31
5.71812e-33
8.09105e-16
3.06982e-26
1.7008e-16
7.88261e-11
7.015e-17
1.37554e-05
3.82242e-14
1.2935e-22
0
95.8565
8314.85
3.41468e-29
8.07263e-28
0.00011769
7.38461e-35
0
7.28847e-15
1.10263e-20
419.853
4.09293e-13
1.36921e-08
4.9113e-22
3.26073e-15
2.73555e-15
0.00116672
1.39064e-18
1.43191e-10
2.92207e-11
0.000446878
2.06724e-07
7.68846e-35
4.84882e+08
1670.54
184.249
3.88513e-19
67.1242
0.000659021
1.42566e-10
2.33027e-14
11.3933
2.3959e-33
6.22021e-08
9.35468e-06
9.15321e-20
1.09276e+06
60.9777
7.67454e-09
1.35179e-20
0
2.21375e-21
0.000350618
3.3315e-23
3.33173e-32
5.59789e-21
3.68569e-30
3.5503e-15
133641
8.74324e-17
0.359184
0.00322315
3.40534e-23
2.35315e-34
0.524083
3.79109e-12
0.0213439
6.08725e-18
2.21365e-24
5.74717e-14
2.66476e-05
1.1549e-07
1.7232e-13
6.44999e-05
1.43727e-15
9.42539e-09
3.02094e-12
1.70525e-05
2.858e-28
1.72074e-20
7.75165e-07
2.03519e-19
1.1719e-06
0
6.98501e-16
1.22542e-10
1.13365e-22
8.71963e-31
4.69027e-15
2.3315e-11
5.24688e-13
0.0219165
8.59698e-05
1.8235e-10
2.6665e-17
13791.9
3.21117e-28
4.797e-09
3.29572e-12
0
1.83368e-24
8.57146e-14
1.00559e-19
5.18203
1.55433e-14
7.46743e-08
1.92846e-05
0.00196463
0.35089
1.83685e-08
1.37609e-32
2.05711e-31
8.26078e-15
5.08491e-31
2.29164e-14
3.36051e-26
40.9186
0.134727
1.60542e-12
3.77395e-29
5.42097e-34
0
3.1951e-15
531.203
2.22437e+06
0
3.00168e-06
1.1688
7.00649e-45
9.26735e-11
3.96348e-08
1.30128e-24
4.74665e-06
1.70179e+06
1.7149e-18
0.359317
3.14304e-25
2.70409e-08
3.66712e-13
3.87918e-27
4.02347e-37
1.24634
1.3306
8.89727e-32
28028.2
1.58229e-33
3.11422e-15
5.26773e-11
6.027e-37
1.11824e-14
5.72687e-25
6.25229e-10
7.7919e-39
3.24086e-27
0.00103328
67.0375
0
8.68805e-44
1.37056e-09
6832.84
2.32566
4.35422e-23
7.36253e-20
0.0563765
5.83893e-41
0.000445315
0
7.88829e-38
1.34125e-10
0.103866
3.63287e-12
0.226964
3.05074e-05
4.2039e-45
5.26111e-24
1.93053e-14
2.65551e+14
0.000127494
2.89246
1.73907e-11
3.50305e-28
26.8299
9.10746e-10
0.779527
1.50079e-10
4.43441e-41
8.88367e-31
1.12462e-22
2.99356e-11
1.02102e-21
3.7672e-07
1.93721e-33
1.91054e-05
1.22661e-19
3.0959e-26
5.74405
3.05706
0
7.41103
1.592e-21
4.2029e+09
4.47628e-28
5.22771e-15
1.44698e-24
3.52745e-12
4.80494e+15
1.12156e-36
0.582713
7.75651e-10
0
5.55377e-09
1.59523e-29
2.17807e-36
126274
2.98186e-13
81.8839
0.02632
1.40723e-25
1.02156e-32
1.20935e-16
2.67142e-14
3.70278e-19
1.59772e-12
4.90395e-23
2.24553e-25
0
6.95305e-14
0
6.9534e-10
4.40049e-21
5.87216e-14
5.3191e-20
8.47247
4.99096e-15
6.61315e-09
7.84701e-27
0.00554621
5.38735e-20
3.50157e-05
1.0324e-05
0
2.15515e-32
0.0325666
2.36819
5.9021e-26
4.15577e-25
2525.35
0.0110288
0.000103915
0
0.20654
9.14782e-41
1.62607e-28
2.87424e-09
0.000119441
3.32379e-20
6.36369e-39
2.88043e-14
0.141417
1.40231e-19
1.02266e-20
0.00056006
1.52776e-20
5.713e+07
1.54193e-17
2.53522e-14
1.93113e+06
3.05369e-24
1.97163e-34
1.60264e-11
0.0134513
6.34025e+20
0.00187391
1.9535e-22
0
1.35095e-19
0.0336983
2.6517e-13
5.52847e-12
9.08158e-10
2.99194e-34
6.05325e-29
2.52396e-28
2.0578e-11
2.55636e-26
3.25581e-07
2.95427e-21
2.25494e-07
5.11183e-36
5.44901e-22
4.55493e-26
5.0874e-28
0
1.84076e-30
7.04617e-06
3.4723e-18
1.1174e-30
1.5826e-22
4.92622e-07
2.20358e-30
0
2.25377e-09
6.89861e-39
7.1732e-07
1.10226e-33
5.81215e-28
600176
0.00442893
1.35751e-38
2.85822e-18
0
0
2.62999e+11
8.34447e-27
0.00345518
7.00649e-45
4.20837e-12
3.10617e-25
5.16114e-32
2.19257e-37
4.7942e-35
8.8784e-20
0.170433
0
6.14516e-18
31202.9
4.42754e-08
0
4.33646e-17
2.04063e-05
1.26543e-24
4.7117e-39
0.00356814
8.49061e-14
0.00109086
0
996.444
1.27434e-11
4.015e-16
9.29414e-24
2386.98
4.82627e-28
1.65613e-19
0
4.23059e-08
1.65825e+06
4.29379e-35
0
2.8026e-45
1.68775e-25
4.15423e-33
52.4902
1.46999e-05
2.00698e-13
0.00500804
2955.54
1.14534e-20
4.51529e-05
2.61782e-13
0
7.50253e-09
2.94803e-23
5.60519e-44
9.40569e-20
6.23578e-43
3.92364e-44
651.604
1.04069e-14
4.37546e-32
2.65297e-26
1.64691e-36
1.37005e-41
2.5559e-20
1.89674e-14
7.26412e-14
0
0.191697
0
3.46973e-08
0.00260496
3.33945e-10
0
33.6828
1.91417e-42
1.56945e-43
1.67041e-28
2.34836e-38
4.12876e-08
8.99055e+07
3.34873e-15
4.75808e+13
5.78093e-27
1.10513e-17
39.004
4.60059e-37
3.06686e-14
2.27226e-09
7.85065e-05
1.99351e-13
4.78738e-12
5.70086e-27
243.08
2.18644e-22
0.0396023
0.0233616
1.48387e-10
1.87144e-06
5.40696
8.13284e-12
1.24837e-16
11.9932
51085.7
83456.3
1.0762e-42
4.40955e-24
1.6112e-20
1.45775e-22
8.41318
4.62646e-09
1.91986e-37
0.0177656
4.92164e-16
2.34415e-38
1.42651e-06
0.0219226
0
9.40359e-06
1.51059e-15
1.92891e-19
2.36269e-07
1.74588e-40
3.07529e-30
0
0.000901244
2.34052e-28
1.556e-29
1.41401e-35
3.59759e-09
3.00533e-28
42.9911
0
3.92243e-27
2.14161e+15
1.09461e-33
3.5723e-28
4.39715e-23
0
5.64336e-16
0
0.551481
7.61499e-20
0
1.83536e-31
0
0
7.44044e-26
1.85304e-17
2.24208e-43
0
2.42425e-43
0.025801
7.22889e-05
5.9681e-08
0
0
0
7.45018e+07
2.34967e-38
4.06377e-44
7.72727e-11
5.85681e-06
0
0
0
2.35745e-26
0.00102873
0
6.87548e-27
1.50808e-18
4.6612e-10
1.3945e+17
40.9849
4.30572e-17
500.874
0
0
0
0
0
2.89994e-28
2.80781e-08
4.17652e-38
3.56574e-21
4.16434e-16
1.4495e-18
60.9661
0
88.7763
6.86547e-18
0.00110601
8.24418e-05
0.00021721
9.72847e-12
1.48972e-09
16025.7
3.48589e-21
4.58961
1.01065e-24
0
0
8.73677e-32
0.000757397
1.84201e-35
0.00200921
0
1.23941e-13
5.11815e-05
0
1.74288e-14
0.479192
0
0
1.0377e-22
2886.61
9.27021e-17
0.0824313
8.94745e-37
0
3.56669e-06
8.26932
4.30528e-17
0
1.86063e-38
5.91477e-35
16.2729
1.70218e-14
1.79648e-05
6.50504e-17
4.11442e-35
5.86711e-13
0
1.95471e-27
5.87559e-05
0
1.12496e-41
0
5.92315e-07
880118
0
1.41771e-22
0
0
4.81325e-37
3.07359e-29
1.78713e-07
0
0
4.18021e+09
2.14337e-25
4.16329e-13
0
9.26569e-08
0
2.30126e-10
2.76605e-08
0
2.77835e-40
3.15901e-39
1.44087e-34
3.7435e-34
1.19555e-14
6.73288e-13
0
2.92412e-27
1.22779e-10
1.82333e-17
2.64187e-32
0
0
2.239e-28
3.76568e-05
7.83466e-12
1.66396e-21
1.47714e-11
83.9562
2.10854e-35
1.42796e-35
1.19637
3.27301e+08
0
6.26254e-10
4.29223e-31
4.48416e-44
4.18017e-35
5.78734e-22
80.9506
0
1.24935e+08
6.67016e-22
2.69281e-20
7.92817e-25
3.25121e-07
3.36311e-17
7.86944e-32
2.51631e-27
2.03793e-28
1.4013e-45
0
7.02507e-17
16.9207
2.7776e-07
3.7076
0
1.43238e+08
0.213136
3.28488e+08
2.30087e-19
5.32518e-37
0.000209163
1.73499e-36
4.05467
1.43636e-35
0
1
8.48419e-08
1.48117e-42
0
0
1.10703e-43
7.16061e-26
1.57238e-06
0
0.393494
0.611291
6.10195e-09
4.13812e-15
0
0.907744
7.59732e-20
1.70732e-16
0
0.109744
6.06553e-20
8.36737
6.22039e-13
0
1.30027e-36
1.07771e-30
0
5.451e-10
4.26555e-42
5.70722e-26
4.07162
0.00124879
0.00085419
9.98769e-16
5.11544e+14
2.99661e-22
2.72023e-27
0
9.00041
0
7.76142e-26
3.75522e-16
3.44725e-25
0
139.431
3.42997e-40
4.94866e-10
0.00103331
5.68415e-23
0
4.42823e-14
0
1.02327e-06
6.32503e-33
2.04791e-23
1.11695e-33
2.96886e-22
3.43123e-30
0
0
3.16331e-07
1.73764e-07
1.3126e+07
5.79836e-32
3.39393e+10
0.637704
0
8186.65
1.99924e-35
7.05407e-39
2.33731e+22
2.22666e-38
1.33013e-30
160370
6.31408e-13
25002.1
9.32617e-26
23778.4
4.63728e-14
6.10565e-38
1.29856e-21
0
3.92228e-16
0
1.14966e-33
8.8916e-24
2.00742e-11
0
1.67392e-40
5.52672e-42
5.60519e-45
0
0.00450161
2.4515e-15
2.03971e-39
0
10762.3
1.45398e-07
0
1.38717e-40
2.15598e+22
0
1.45735e-27
0.000186019
1.4013e-45
0.000539194
1.74202e+20
3.78589e-14
0
3.20973e-25
0
7.26215e-33
7.06253e+07
5.60136e-06
3.83036e-09
0
0
0
9.51588e-35
0
3.36312e-44
0
2.63952e-12
0
32480.5
0.42976
9.76044e-12
3.12849e-16
5.32991e-17
6.52502e-17
6.57072e-26
9.15342e-12
0.549649
0
0.00624668
4.75019e-15
2.492e-14
3.11444e-38
8.53696e-08
1.12221e-26
1.19462e-08
2.88246e-27
1.89343e-35
4.94635e-07
1.73327e-19
5.16837e-10
0.00301273
1.70688e-07
1.26814e-37
96635.1
4.80422e-07
0
0
0
7.55038e-39
4.13877e-29
6.16624e-36
0
8.15134e-30
9.18779e-16
0
3.50708e-23
0
0
3.01779e-33
1.59138e-05
0
0.000114876
9.76363e-28
1.84923e+08
0
9552.97
2.3244
0.0840589
1.29155e-30
2.72657e-26
1.25632e-13
0
172.125
0
2.02714e-25
7.07056e+15
4.0443e-39
9.91983e-31
0
48.8647
7.01127e-26
3.78716e-36
0.000801394
0
5.01484e-12
1.52763e-25
6.40755e-11
4.44469e-22
372084
0
4.12785e-27
0
6.77443e-28
7.5772e-27
0
11.4991
3.32297
7.38021e+06
6343.6
3.55991e-34
1.91094e-11
1.19084e-23
8.9436e+25
5.63715e-37
3.71541e-16
0.00021972
1.2523e-29
1.4855e-26
0.496895
5.62808e-37
7.67906e-39
1.07397e-16
0
1.13321e-13
3.07493e-24
1.39147e-24
2.47597e-05
1.28344e+18
8.4566e-05
6.26138e-22
0
4.43485
4.69334e-18
0
4.00357e-16
4.39065e-21
1.99644e+10
5.42089e-20
5.60625e-36
1.11875e-33
7.22805e-10
147.951
7.50866e-21
1.17419e-05
3.74763e-24
0
1.16368e-27
5.11994e-26
0
0
0.575781
1.62177e-23
0.10596
0.943703
0
0
8.65395e-38
2.47515e-29
23732.5
0
4.66455e-07
0.000708372
519.491
0
1.1378e-19
1.77127e-18
8.51045e-14
0.0436882
1.34288e-40
8.66677e-38
1.3056e-20
2.20351e-29
0
5.4678e-20
2.62828e-41
0
845.245
3.54696e-19
1
0.00193476
0
0
5.06443e-38
1.48664e-41
8.1454e-31
2.3221e-14
4.07817e-27
204762
0
4.41172e-12
537.457
1.16644e-30
0.064267
7.97644e-30
6.48054e-32
6.43151e-31
0
1.60888e-07
2.74683e-29
8.89091e-20
4.96405e-09
893087
0
1.79801e-27
1.22164e-30
4.10999e+08
0
0
0
0
1.39545e-39
1.38496e-38
0
7.394e+11
4.1753e-05
0
0
271.626
0
0
0
1.41195e+12
0
0
0
2.84279e-07
0
0
0
3.23644e-10
0
0
3.2537e-32
0
0
0
1.6288e-40
0
0
9.25857e-33
2.43102e-06
0
0
1.14822e-35
0.00327112
1.07093e-27
1.05368e-27
1.39708e-19
1.47633e-21
1.31935e-40
0
0
2.94775e-29
0
0
2.08129e-22
9.11031e-25
1.91032e-07
4.81413e-11
0
1.01099e-30
6.72623e-44
0
26.5063
0
0
1.81193e-23
9.19015e-37
2560.87
9.10984e-42
5.1848e-43
2.94791e-07
0
0
11.5337
4.62622e-33
0
0
0
0
0.00338774
0
1.81386e-23
8.04753e-37
0
1.11459e-41
0
2.64519e-19
1.48942e-22
9.89407e-29
0
8.38369e-32
2.8026e-44
0
0
0.00151334
9.19441e-25
0
0
2.06715e-39
0
2.8922e-28
0
7.10799e-22
2.02743e-25
0
0
0
0
4.30065e-17
3.55203e-21
3.56812e-22
43028.6
0
1.31546e-19
0
0.767012
6.90251e-30
0.00610133
7.899e-19
2.15239e-42
0
9.7154e-30
2.29386e-16
0
2.46478e-29
0
5.05663e-31
3.55054e-11
5.97381e-07
0
0
1.41421e-05
6.42994e-07
2.40313e-40
10768.1
7.90731e-21
1.56958e-28
8.49205e-10
6.96445e-43
736.771
2.00886e-18
2.077e-40
0
0
2.69954e-24
0
0
0
0
0
0
1961.76
0
0
0
5.04667e+13
4.43184e+30
1.77152e-15
2.5035e-31
0
0
4.04415e-13
0.000497497
0
7.91734e-43
6.20046e-13
0
1.20007e+11
0
0
0
1.56611e-22
0
1.25034e-27
3.33811e-23
0
2.73811e-09
2.02901e-24
131.015
6.58255e+12
1.68589e+20
0
2.15649e-38
0
1.67465e+17
0
1.43998e-24
1.15309e+12
0
253.98
2.13081e+08
3.59819e-26
8.25467e-23
0
1.30059e-15
0
9.30624e-31
5.3701e-16
6.81142e-39
0
8.27463e+16
1.28397e-19
1.05086
0
8.59945e+21
0
0
1.33921e-06
0
0
0
7.19366e-11
0
0.774947
0
4.11982e-43
2.68397e+06
0
5.19135e-27
1.13052e+08
7.05467e-21
0
0
0.000412503
2.39534e-10
3.98364e-33
0
0
0.000533875
0
0
1.04611e+06
0
0
7.02375e-06
1067.46
1.97718e+37
0
1.4013e-45
0
1.84221e-38
2.54151
3.63713e-28
7.00649e-45
0
0
0
0
0
5628.48
0
0
0
4.58421
8.7657e-27
inf
0
0
0
0
4.35864e-32
0
1.10983e-42
0
0
7.84727e-44
0
81.6855
4.35804e-43
0
0
2.4812e-18
0
0
0
1.30151e-16
0
1.13645e-42
0
65.6076
5.69671e-18
0
6.20175e+10
4.09374e-21
0.00137752
1.72998e-36
0
0
0
3.39457
6.93805e-20
1.3951e-27
1.29108e-14
3.84219e+09
0
0
0
1.64653e-42
1.313e-13
0
1.66828e-32
0.00246223
0
3.62936e-43
0
0
0
2.12617e-36
1.47066e-22
2.06205e-34
0
3.28351e-22
1.60813e-41
1.3534e-10
1
5.40763e+25
0
0
0
0
4.78636e-15
28.7148
4.41327e-29
0
0
4.44523e-38
0
0
0
0
4.06233e+15
0
4.28854e-19
0
4.74521e+22
0
0.605886
3.2141e-14
0
0
0
0
0
0
0
0
3.80685e-38
0.00394835
1.87473e-28
0
0
5.32493e-44
0
0
0
2.25121e-26
0
5.42212e+12
0
7.56007e-39
0
7.33074e-38
0
0
0
3.34876e-24
0
0
0
1.63938e-28
450772
0
7.98908e-41
0
0
9.6482e-11
3.87037e-24
0
2.7297e-40
4.16186e-43
0
2.31214e-43
0
7.89367e-19
2.66364e-13
1.36382e-13
0
5.34904e-41
9.89718e-08
0
8.6208e-38
2.36278e-05
0
0
2.0696e+12
0
0
4.62746e-18
0
4.22613e-12
0
0
0
4.71735e-13
0
0
0
0
7297.11
15.5801
0
3.7153e-14
0
2.02203e-19
3.39624e-28
2.26932e-34
4.23675e-17
282.525
0
0
0
0.351777
0
0
3.77423e-22
0
4.56818e-40
0
2.07246e-13
0
0
5.24738e-39
1.04277e-16
2.87019e-07
0
0
0
21.6505
5.29471e-18
3.40954e-05
0
7.42688e-44
2.182e+26
0
0
2.91581
0
0
0
7.00649e-45
0
0
0
2.36119e-42
0
31.3453
0
4.17508e-05
0
0
6.86541
0
0
0
0
1.07242
0
0
0
1.04902e-21
0
0
0
0
0
0
2.35527e+10
0
9.45873e-34
2.38116e-23
0
0
1.12536e-16
0
0
1.4013e-45
0
0
0
0
1.70628e-07
4.68563e-13
3.51911e-19
0
0
0
0
3.94437e-36
0
1.3413e-28
0
0
0
1.15458e-17
1.73436e-22
0
1.30773e-15
0
0
0
0
2.90295e-30
1098.11
0
2.22056e-25
3.91937e+10
6.48618e-10
0
1.56993e-25
2.94301e-36
0
0
0
1.43983e-09
0
3.48542e-30
0
526.377
0
3.33539e-14
0
0
0
0
0
0
0
0
0
0
0
5.26884e+11
7.93578e-35
0
2.99878e-43
0
1.40133e-11
0
0
3.61261e-17
2.77496e-32
0
0
0.182095
8.11607e-20
3.56764e-08
1.47949e-28
0
1.7607e-09
0
1.39811e-34
0
0
0
0
1.61396e-23
7.45497e-23
0
9.56045e-27
0
0
0
0
0
0
0
0
5.34688e-37
0
0
inf
796.556
1.26783e-17
0
0
7.62701e-23
102716
0
0
0
0
6.44597e-44
0.577169
0
0
4.30199e-43
5.18477e-10
0
8.09572e-41
0
0
6.61764e-07
8.67383e-11
0
0
0
1.64413e-34
0
0
0
7.40004e-28
0
0
0
16857
0
0
0
0
1.69354e-17
0
1.04869e+13
0
0
0
0
5.86008e-34
0
0
0
2.34348e-40
5.60519e-45
0
0
0
3.92309e-20
5.95966e-12
0
0
2.63029e+15
4.32817e-29
0
0
1.82744e-20
1.69604e-13
0
0
0
0
0
0
0
0
1.6614e+08
0
1.37628e-07
0
2.20686e-08
0
0
0
7.39766e+08
0
0
5.94338e-28
0
0
0
0
0
1.69697e-42
14616.3
0
0
0
4.85064e+18
0
9.52883e-44
0
0
inf
2.22298e-31
0
1.00828e-35
1.82869e-17
0
0.0109412
0
0
0
0
4.23947e-31
0
0
9.403e-35
2.5552e-36
inf
0
4.34072e-39
0
0
5.27542e-13
4.36193e-16
5.30923e-28
0
0
0
412.612
0
0
0
552.769
3.64404e+21
0
0.00975771
0
0
0
7.8959e-11
0
0
0
0
0
0
2.00767e-13
0
0
0
3.79694e+06
0
6.31961e-18
4.86257e-08
0
0
0.00104578
0
0
0
0
32.8252
0
0
0
1.4013e-45
5.68141e-19
3.13688e+17
0
17420.2
1.42915e-25
0
0
1.42264e-08
0
0
0
0
0
0
0
1.32064e-33
29.7181
0
3.36387e-23
9.00727e-16
0
0
0.156416
2.30879e+24
1.99626e-15
0
0
6.89572e-21
0
0
0
0
0
0
0
0
0
0.0132935
0
2.24208e-44
0
0
0
0
0
0
0
1.4013e-45
3.08358e-05
112.615
0.000806356
3.72742e-29
0
0
1.54143e-44
7.90389e-14
0
8.91524e-14
0
3.56736e-39
0.0904244
0
1
149624
0
0
2.52578e-22
0
0
0
3.62873e-26
0
0
0
0
6.45791e+13
0
0
4.54675e-28
0
0
0
0
0
0
6.60164e-23
3.70987e-28
0
51925.8
0
0
0
5.60519e-45
3.39008e-36
2.37373e+07
0
0
0
0
0
0
4.30475e-33
0
0
0
2.71119e-23
0
0
0
1.19575e-05
0
0
0
0
0
0.499232
5.70601e-36
1.43725e-08
0
0
2.81602e-14
1.65676e-34
0
0
0
0
8.06323e-12
0
0
0
5.94083e+16
0
24232.5
0
0
0
0
0
5.1367e-09
601454
614530
0
0
0
0
0
0
1.62551e-43
1.3456e+10
0
0
0
0.0109341
0
0
0
0
1.05143e-10
inf
1.61581e+10
0
0
12.5226
0
1.10494e-40
0
0
0
7.64392e-18
0
0
0
0
7.1825e-18
0
0
1.67158e-39
5.41414e+08
9.97208e+22
2.13136e-06
0
0
0
0
3.93313e-08
0
0
0
0
0
0
0
0
0
2.67565e-24
0
0
inf
0
0
0
0
0
0
4.67982e-06
0
inf
0
0.00880635
0
0
0
0
0
8.11352e-43
0
0
0
0
0
0
0
0
0
3.41059e-17
0
inf
0
0
0.000980981
0
0
3.09351e+14
0
0
5.21574e-10
0
0
0
3.25845e+35
3.56248e+29
0
2.75479e-31
0
0
3.48212e-06
2.25547e-12
0
0
1.10007e-29
0
4.02181e+32
5.67978e-27
0
0
0
0
0
0
0
0
0
0
0.0162387
0
0
0
0
0
8.78507e-38
0
0
inf
0
0
4.9e+09
2.00455e+19
45.2531
0
0
0
inf
1.86345e-17
1.67368e-06
0
0
0
0
0
0
0
2.72584e-30
9.50033e-32
0.00135681
0
0
0
0.0018301
0
0
1.59912e+08
0
0
0
4.48416e-43
0
0
1.07799e-08
0
0
0
0
0
0
0
0
1.16613e-20
0
0
0
0
0
0
0
0
0
0
0
2.87584e-40
0
0
0
0
5.99489e-19
0
0
9738.55
5.9417e+26
6.22719e-16
5.82067e-07
523.458
1.52964e-40
0
0.00156506
0
0
0
4.03203e-07
14872.8
0
0
0
4.95397e+16
0
0
0
8.17276e-32
0
0
0
0
0
0
0
0
9977.8
0
0
0
0
inf
0
0
1.67591e+21
7.85831e-06
0
4.27738e-33
1.4013e-45
2.50058e-31
0
0
1.09831
2.49958e-05
0
0
4.25465e+15
1
0
0
0
0
0
0
0
0
3.0651e-35
8.29297
0
0
4.35026e-36
0
0
0
0
0
0
0
0
0
inf
0
4.19424e-21
0
0
0
0
0
4.03984e-25
1.0225e-22
0
0
0
1365.26
0
0
0
inf
0
0
0
0
1.72688e-14
5.77616e-12
5.88591e-07
1.04159e-36
0
0
0
0
0
0
2.67199e-34
0
0
0
0
0
0
0
1.48754e-30
0
0
0
1.80571e-06
0
0
5.23322e-28
5.93387e-24
5.23909e+13
1.88695e-21
0
0
0
1
0
0
0
30.8589
0
0
0
0
9.0635e-20
4.15942e-32
0
0
0
0
0
0
0
0
0
7.67912e-43
0
0
inf
0
2.99449e+08
1.08477e+31
0
0.000545358
0
4.2039e-45
0
0
0
0
4.33355e-09
0
27.3798
0
0
0
0
0
0
0
0
0
6.02883e+28
0
0
0
2.67128e-21
0
1.60349e+06
0
0
0
0
0
0
0
0
0
0
0
0
2.21694e-19
0
0
0
7.9874e-44
0
0
0
0
9.67875e+31
0
0
0
0
0
0
0
0
0
0
0
0
0
0
0
0
0
0
0
4.42667e-13
0
0
0
0
0
0
0
7.46091e+15
0
0
0
0
0
0
0
0
0
0
0
0
0
0
2.22655e-24
0
0
0
8.60649e-34
0
0
0
0
3.76389e-42
0
0
0
0
0
0
0
0
0
0
0
0.000169512
3.11014e-30
0
1.4518e-30
0
0
0
0
6.45699e+09
0
0
0
0
0
0
0
0
0
0
0
5.70862e-38
0
0
0
inf
0
0
7.00649e-45
0
2.85702e-29
0
0
0
0
0
0
0
0
0
0
2.32559e+13
0
0
0
0
0
0
0
0
0
0
0
0
0
0
0
0
3.67546e-29
0
0
0
0
0
0
0
0
0
0
0
0
0
0
0
1.69641e-19
0
1.45843e+06
7.77774e-07
0
0
0
4.10158e+11
0
0
4.86092e-28
0
0
0
0
0
0
0
inf
0
6.22872e-20
0
0
0
0
0
0.547304
0
3.87007e-33
0
0
0
1.51273e-22
0
0
inf
inf
0
0
0
1.13065e+12
0
0
0
0
0
0
5.55774e+18
0
0
0
6.9899e+08
3.05696e+25
0
0
0
0
0
0
0
0
0
inf
0
1.60272e+16
0
0
3.0282e+33
inf
2.48401e+12
0
0
0
0
0
inf
4.28797e-43
0
0
0
0
0
0
0
0
0
0
8354.67
0
1.41744e+22
0
3.80589e-27
1.21108e+13
0
0
0
0
0
0
0
0
7.60423e+27
0
0
0
0
0
0
3.69414e+15
1.7035e-26
0
0
0
0
0
7.03885e-34
0
2.00247e-19
inf
0
0
0
0
2.24662e-30
0
0
8.59483e+14
3975.47
0
inf
0
0
0
0
0
1.09939e+07
0
0
0
0
0
0
0
0
0
0
3.22101e-35
0
0
0
0
0
0
0
0
0
0
0
0
0
0
0
0
0
0
0
0
1.8848e-10
inf
0
0
0
0
0
0
0
0
0
0
0
0
inf
0
1.84115e-11
0
0
0
0
7.36112e+29
0
0
0
0
0
0
0
2.94273e-44
0
0
0
0
0
0
0
0
2.00155e+26
0
0
0
0
0
0
0
8.41763e-31
0
0
0
0
2.00714e-15
0
0
3.46176e-26
7.98746e-16
0
0.00275067
0
0
inf
0
0
0
0
3.95309e-07
0
inf
3.96951e-23
0
0
0
0
0
0
0
0
inf
0
0
0
0
0
0
0
0
0
23.8788
0
0
0
0
0
0
0
40.0115
0
0
1.91153e-11
0
0
0
0
0
1.28417e+13
0.000115314
0
0
0
0
0
0
0
0
9.60608e+28
0
0
1.22322e+15
0
0
0
7.81267e-25
0
0
0
0
7.80883e-38
0
0
0
0
7.26891e+26
0
0
0
9110.3
0.0146645
0
0
7.03374e-07
3.44111e+08
7.1066e-18
8.71351e+14
0
0
0
0
0.216211
0
0
1.67605e-38
0
0
0
0
0
0
0
0
0
inf
0
0
0
0
0
0
0
0
0
0
3.44128e+07
0
0
0
0
0
0
0
inf
0
0
0
0
0
0
0
6.12167e-32
0
0
0
0
0
0
0
0
0
0
0
0
4.42278e+35
0
0.000319033
0
0
0
0
0
1.70837e+17
0
0
0
0
35.8319
0.000277861
0
0
0
0
1.4536e+27
0
0
0
0
0
0
0
0
0
0
0
0
0
0
0
0
0
0
0
0
0
0
0
inf
0
0
0
8.3031e+35
5.08092e-08
0
0
0
0
0
0
0
0
0
0
0
0.00396496
7.71053e-07
0
0
inf
0
0
8.94884e+29
0
0
0
0
0
0
0
9.92067e-31
0
inf
0
0
0
2.13934e+28
0
0
0
0
0
5.27226e-17
0
0
0
0
0
0
0
0
0
0
0
0
0
4.08939e+09
0
0
0
0
0
0
0
0
0
0.0161156
0
0
0
0
1.00517e-18
0
0
9.48897e-15
0
0
0
0
0
0
3.28289e-16
1.05739e-36
0
0
0
0
inf
0
5.60703e+11
0
2.89132e-34
3.2733e+28
3.3868e-41
0
0
0
0
2.96334e-17
0
0
2.66436e-30
0
0
0
0
0
0
0
0
1.14188e-20
0
9.82427e+17
0
0
0
inf
0
inf
0
0
0
0
0
0
0
0
0
0
0
0
0
0
0
0
0
0
0
0
0
0
0
inf
4.04695e-42
0
0
0
0
0
0
0
0
0
0
0
0
0
0
0
inf
0
inf
0
2.95118e+18
1.94698e-29
0
0
0
0
0
0
0
0
0
1.47467e-20
0
0
0
0
0
0
0
0
0
0
0
0
0
0
0
0
0
0
0
0
0
0
0
0
0
0
0
0
0
0
0
0
8.16028e+25
0
0
0
0
0
0
0
0
0
4.70167e-34
inf
0
5.46135e-09
0
8.2628e-37
0
0
0
0
0
0
0
0
0
2.35695e+28
0
0
0
0
0
0
0
0
7.96376e+29
0
inf
0
0
0
0
0
0
0
0
0
2.27221e-23
0
6.63776e-05
7.52859
0
0
0
0
0
0
0
0
0
inf
4.49227e-30
0
0
1.04906e-29
0
0
0
0
0
0
0
0
6.30358e-39
0
0
0
0
0
4.45003e+21
0
0
0
0
0
0
0
0
0
0
0
0
0
0
0
8.56584e+17
0.0933998
0
4.97659e+11
0
0
0
0
0
0
0
0
0
0
0
0
0
0
0
0
0
0
0
0
0
inf
0
0
0
inf
0
0
0
0
0
0
0
0
1.07633e-11
0
0
1.77729e+35
0
3.12469e+06
1.42376e+10
0
0
0
1.08295e-09
0
0
0
0
0
0
0
0
0
0
0
0
0
0
0
0
0
0
0
1.96102e-21
0
0
0
0
0
0
0
0
0
0
0
0
1.3156e-07
0
0
0
0
0
0
6.65326e-38
0
0
0
0
0
0
inf
2.37022e+35
0
243152
0
0
0
0
5.84133e+18
0
0
0
inf
0
0
0
0
0
0
0
0
0
3.8241e+35
8.04234e-24
0
0
0
0
0
0
0
0
0
0
0
0
0
0
0
0
0
0
0
0
0
0
0
inf
inf
0
0
0
0
0
0
inf
inf
0
0
0
0
7.5948e-26
0
0
0
7.86843e-22
1.12009e-29
2.1375e-14
0
0
0
0
0
0
0
0
0
0
0
0
0
0
0
0
0
5.2854e-35
0
0
0
0
0
0
0
0
0
0
0
0
0
0
0
0.0212006
0
9.4727e-35
0
0
0
0
0
0
2.59918e+23
0
0
0
0
0
0
4.6387e-13
0
0
0
0
0
0
0
0
0
0
0
0
0
6.01255e+19
0
0
0
0
0
8.13053e-32
1.27336e-26
0
inf
0
0
0
0.000821883
0
0
0
8.99923e-05
0
0
0
0
0
0
0
inf
0
0
0
0
0
0
0
0
0
0
inf
0
0
0
0
0
0
0
0
0
0
0
0
0
0
0
0
0
0
0
0
0
0
0
0
0
0
0
0
0
0
0
0
0
0
0
0
0
0
0
0
0
0
0
0
0
0
0
0
0
3.4545e+22
0
0
0
3.40308e-15
0
0
0
0
0
0
2.26565e+30
0
0
0
0
0
0
0
0
0
0
0
0
0
0
0
0
0
0
0
0
inf
0
0
0
0
0
0
0
0
0
1.47873e-17
0
0
inf
0
1
inf
0
8.6796e-33
0
0
3.46121e-43
0
0
4.30483e+27
0
0
4.23521e+33
0
0
0
0
0
0
0
0
0
0
0
0
0
0
0
0
0
0
0
0
1.91205e-28
0
0
0
0
0
0
0
0
0
4.13793e-07
inf
0
2.67642e-26
0
0
2.62515e-34
0
0
0
0
0
0
0
0
0
0
0
0
0
0
0
0
0
0
0
0
0
0
0
5.31561
0
0
0
0
0
0
0
0
0
0
0
inf
0
4.5534
0
0
0
0
0
0
0
0
0
0
inf
0
0
0
0
0
0
0
0
0
0
0
inf
0
0
0
0
0
0
0
0
0
0
0
0
0
0
inf
0
2.20556e+08
0
0
0
0
0
0
0
0
0
0
0
0
0
0
0
0
0
0
0
0
0
0
0
0
0
0
0
0
0
0
0
0
2.17375e-24
0
1.65899e-28
0
0
0
0
0
0
0
0
0
0
0
0
0
0
0
0
0
0.266824
0
0
0
0
0
0
0
2.93273e-32
4.7165e-29
0
0
6.84382e-34
0
0
0
0
0
0
inf
0
0
0
0
0
0
0
0
1.59362e-38
0
0
0
0
0
0
1.15682e+14
0
0
0
0
8.53826e-10
0
0
0
0
0
5.96236e-36
0
inf
0
0
0
0
0
0
inf
0
0
0
0
0
0
0
0
0
0
0
inf
0
0
0
0
0
0
0
0
0
0
0
0
0
0
0
0
inf
0
inf
0
0
0
0
0
0
0
0
inf
inf
0
0
inf
0
0
0
0
2.57484e-33
0
0
0
0
6.51552e+29
inf
0
0
5.09401e-27
0
0
0
0
0
0
0
0
0
1.94707e-05
0
0
0
1.9157e-31
0
0
0
0
0
0
5.60878e-25
0
3.72984e-21
0
0
0
0
0
0
inf
0
0
0
0
0
inf
0
0
0
0
3.47056e-32
0
0
1020.26
0
0
0
0
0
0
0
inf
0
0
0
0
0
inf
0
0
0
0
0
0
0
0
0
0
0
0
0
0
0
inf
6.48785e-29
0
0
0
0
0
0
inf
0
0
0
1.85436e-38
0
0
0
0
0
0
0
0
0
0
6.76784e+31
0
0
3.39847e-08
0
inf
0
0
0
0
0
inf
0
0
0
0
0
0
0
0
inf
0
0
0
0
0
0
0
0
0
0
0
0
0
0
0
0
0
0
0
0
0
0
0
0
inf
0
0
0
4.40551e+21
0
0
0
0
0
0
0
0
0
0
inf
0
inf
0
inf
0
0
0
0
0
0
0
0
0
0
0
0
1.58258e-29
0
0
0
0
0
0
0
0
0
0
0
0
1.38036e+13
0
0
1.4013e-45
0
0
0
0
0
0
0
0
0
0
0
0
0
0
0
0
0
inf
0
0
inf
0
0
0
inf
0
2.32147e-15
0
0
0
0
0
0
0.539576
0
0
0
0
0
0
0
0
0
0
0
0
0
0
0
0
0
0
0
0
0
0
0
0
1
0
2.00386e-43
0
0
0
2.92335e+37
0
inf
0
0
0
0
0
inf
0
0
0
0
0
0
0
0
0
0
0
0
0
0
0
0
0
0
0
0
0
0
0
0
0
0
0
0
0
0
0
0
0
0
0
0
0
0
0
0
0
0
0
0
0
0
inf
0
4.09184e-09
1.94969e+07
0
0
0
0
0
0
0
0
0
0
0
2.43469e-27
0
0
0
1.52806e-40
0
0
0
0
0
0
0
0
0
0
0
0
0
0
0
0
0
0
0
0
0
0
0
0
0
0
1.45972e+35
inf
0
0
0
0
0
0
0
0
0
1.24564e+29
0
0
0
0
inf
0
0
0
0
0
0
0
0
inf
0
0
0
0
0
0
0
0
0
inf
0
0
0
0
0
0
0
0
0
0
0
0
0
0
1.08265e-12
0
inf
0
0
0
0
0
0
0
0
1.18299e+13
0
0
0
0
0
0
0
0
0
0
0
0
0
0
0
0
0
inf
0
0
0
0
0
0
0
0
7.22962e-39
inf
0
0
0
0
0
0
0
0
0
0
0
0
0
inf
0
0
0
0
0
0
0
0
0
0
0
0
0
0
0
0
0
0
0
0
inf
0
0
0
0
0
0
0
inf
0
0
7.65272e-36
0
0
0
0
0
0
0
0
0
0
0
0
0
0
0
0
0
0
0
0
0
0
0
0
0
0
0
0
0
0
0
0
0
0
0
0
0
0
0
0
0
0
0
0
0
0
1.4013e-45
0
0
0
3.18375e-42
0
0
inf
0
0
0
0
0
0
0
0
0
0
0
0
4.26441e+18
0
0
0
0
0
0
0
0
0
0
0
0
0
0
0
0
1.89835e+10
0
0
0
0
0
0
0
0
0
0
0
0
0
0
inf
0
0
4.7057e-21
0
0
0
0
0
0
0
0
0
0
0
0
0
0
0
0
0
0
0
0
0
0
inf
0
0
0
0
0
0
0
0
0
0
0
0
0
0
0
0
0
0
0
0
0
0
0
0
0
0
0
0
0
0
0
0
0
0
0
0
0
2.56291e+06
0
inf
0
0
0
0
0
0
0
0
0
0
0
0
0
0
0
0
0
0
0
0
0
0
inf
0
0
0
0
0
0
0
0
inf
0
0
0
0
0
0
0
0
0
0
0
0
0
0
2.07672e-42
0
0
0
0
0
0
inf
0
0
0
0
0
0
0
0
0
inf
0
0
0
0
0.000362855
0
0
0
1
0
0
0
0
0
0
0
0
inf
0
0
0
0
0
0
0
0
0
0
1.88679e-26
0
0
0
0
0
0
0
7.60205e-26
0
3.99717e-14
0
0
inf
0
0
0
0
0
0
0
5.16451e-13
0
0
3.51302e-32
0
0
0
4.17996e-38
0
0
0
0
0
0
0
0
0
0
0
0
0
0
inf
0
0
0
2.36611e-19
0
inf
0
0
0
0
0
0
0
0
0
0
0
0
0
0
0
0
0
0
0
0
0
0
0
inf
0
0
0
0
0
0
0
0
0
0
0
0
0
0
7.5348e+16
0
0
0
0
0
0
0
0
0
0
0
0
0
0
0
0
0
0
0
0
0
0
0
0
0
0
inf
0
0
0
0
0
0
0
0
0
0
0
3.30407e+14
0
0
0
0
0
0
0
0
0
0
0
0
0
0
0
0
2.70091e+28
0
0
0
0
0
0
6.55847e-12
inf
0
0
inf
0
0
0
0
0
0
0
0
0
0
0
0
0
0
0
0
0
inf
0
0
0
0
0
0
0
0
0
0
0
0
0
0
0
inf
0
0
0
0
0
0
0
0
0
0
674.006
0
0
0
0
0
0
0
0
0
inf
0
0
0
0
0
0
0
0
0
0
0
0.0986781
0
inf
0
0
0
0
0
0
0
0
0
0
inf
0
0
0
0
0
0
0
0
0
0
0
0
0
0
0
0
0
0
0
0
0
0
0
0
0
0
0
0
0
0
inf
0
0
inf
0
0
0
0
0
0
0
0
0
0
0
0
0
0
0
0
0
0
0
0
0
0
0
0
0
0
0
0
9.48731e-14
0
0
0
0
0
0
0
0
0
0
0
0
0
0
0
0
6.11515e-19
0
0
0
0
0
0
inf
0
0
0
0
0
0
0
0
0
0
0
0
0
0
0
0
0
0
0
0
0
0
0
0
0
0
inf
0
0
0
0
0
0
0
inf
0
0
0
0
0
0
0
inf
0
0
0
0
0
0
0
0
0
0
0
0
0
0
0
0
inf
0
0
0
0
0
0
0
0
0
0
0
0
0
0
0
0
0
0
0
0
0
inf
0
0
0
0
0
0
0
0
0
0
0
0
0
0
0
0
0
0
0
0
0
0
0
0
0
inf
0
0
0
0
0
0
0
0
0
0
inf
0
0
0
0
0
0
0
0
0
0
0
0
0
0
0
inf
0
0
0
0
0
0
0
0
0
inf
0
0
0
0
0
0
0
inf
0
0
0
0
0
0
0
0
0
0
0
0
0
0
0
0
0
0
0
0
0
0
0
0
0
0
0
0
inf
0
0
0
0
0
0
0
0
5.14445e-14
0
0
0
0
0
0
0
0
0
0
0
0
0
0
0
0
0
inf
0
inf
0
0
0
0
inf
0
0
0
0
0
0
0
0
0
0
0
0
0
0
0
0
0
0
0
0
0
0
0
0
0
0
0
0
0
0
0
0
0
0
0
0
0
0
inf
0
inf
0
0
0
inf
0
0
0
0
0
0
0
0
0
0
0
0
0
inf
0
0
0
0
0
0
0
0
0
0
0
0
0
0
0
0
0
0
inf
0
0
0
0
0
0
0
0
0
0
0
0
0
0
0
0
1
0
0
0
0
0
0
0
inf
0
0
0
6.25792e+16
0
0
inf
0
inf
0
0
0
0
0
0
0
0
0
0
inf
0
0
0
0
0
0
0
0
0
0
0
0
0
0
0
0
0
0
0
0
0
0
0
0
0
0
0
0
0
inf
0
inf
0
0
3.59602e-05
0
0
0
0
0
inf
0
0
0
0
0
0
0
0
0
0
0
0
0
0
0
0
0
0
0
0
0
0
0
0
0
0
0
0
0
0
0
0
0
0
0
0
0
0
0
0
0
0
0
0
0
0
0
0
0
0
0
0
0
inf
0
0
0
inf
0
0
0
0
0
0
0
0
0
0
0
0
0
0
0
0
0
0
0
0
0
0
0
0
0
0
0
0
0
0
0
0
0
0
0
0
0
0
0
0
0
inf
0
0
0
0
0
0
0
0
0
0
0
0
0
0
0
0
0
0
0
0
0
0
0
0
0
0
0
0
0
inf
0
0
0
0
0
0
0
0
0
0
0
0
0
0
0
0
0
0
0
0
0
0
inf
0
0
0
0
0
0
0
0
0
0
0
0
0
0
0
0
0
0
0
0
0
0
0
0
0
0
0
inf
0
0
0
0
0
0
0
0
0
0
0
0
0
inf
0
0
0
0
0
0
0
0
0
0
0
0
0
inf
0
0
0
0
0
0
0
0
0
0
0
0
0
0
0
inf
0
0
0
0
inf
0
0
0
0
0
0
0
0
0
inf
0
0
0
0
0
0
0
0
0
0
0
0
0
0
0
0
0
0
0
0
0
0
0
0
0
0
0
0
0
0
0
0
0
0
0
0
0
0
0
0
0
0
inf
0
inf
0
0
0
0
inf
0
0
0
0
0
0
0
0
0
0
0
0
0
0
1.04896e+31
0
1.54825e+11
0
0
0
0
0
0
0
0
0
0
0
0
inf
0
0
0
0
0
0
0
0
0
0
0
0
0
0
0
0
0
0
inf
0
0
0
0
0
0
0
0
0
0
0
0
inf
0
0
0
0
0
0
0
0
0
0
0
0
0
0
0
0
0
0
0
0
0
0
0
0
inf
0
0
0
0
0
0
0
0
0
0
0
0
0
0
0
0
0
0
0
0
0
0
0
0
0
0
0
0
0
0
0
0
0
0
0
0
0
inf
inf
0
0
0
0
0
0
0
0
0
0
0
0
0
0
0
0
0
0
0
0
0
0
0
inf
0
0
0
0
0
0
0
0
0
0
0
0
0
0
0
0
0
0
0
0
0
0
0
0
0
0
0
0
0
0
0
0
0
0
0
0
0
0
0
0
0
0
0
0
0
0
inf
0
0
0
0
0
0
0
0
0
0
0
0
0
0
0
0
0
0
0
0
0
0
0
0
0
0
0
0
0
0
0
0
0
0
0
0
inf
0
0
0
0
0
0
0
0
0
0
0
0
0
0
0
0
0
inf
0
0
0
0
0
0
0
0
0
0
0
0
inf
inf
0
0
0
0
0
0
0
0
0
0
inf
0
0
0
0
0
0
0
0
0
0
0
0
0
0
0
0
inf
0
0
0
0
0
inf
0
0
0
0
0
0
0
0
0
0
0
0
0
0
0
0
0
0
0
0
0
0
0
0
0
0
0
0
0
0
0
0
0
0
0
0
0
inf
0
0
0
0
0
0
0
0
0
0
1
0
inf
0
inf
0
inf
0
0
0
inf
0
0
0
0
0
0
0
0
0
0
0
0
0
0
0
0
0
0
0
0
0
inf
0
0
0
0
0
0
0
0
0
0
0
0
inf
0
0
0
0
0
0
0
0
0
0
0
0
0
0
0
0
0
0
0
0
0
0
0
0
0
0
0
0
0
0
0
0
0
0
0
0
inf
0
0
0
0
inf
0
0
0
0
0
inf
0
0
0
0
0
0
0
0
0
0
0
0
0
0
0
0
0
0
0
0
0
0
0
0
0
0
0
0
0
0
0
0
0
0
0
0
0
0
0
0
0
0
0
0
0
0
0
0
0
0
0
0
0
0
0
0
inf
0
0
0
0
0
0
0
0
0
0
0
0
0
0
0
0
0
0
0
inf
0
0
0
0
0
0
0
0
0
0
0
0
0
0
0
0
0
0
0
0
0
0
0
0
0
0
0
0
0
inf
0
0
0
0
0
0
0
0
0
0
0
0
0
0
0
0
0
0
0
inf
0
0
0
0
0
0
0
0
0
0
0
0
0
0
0
0
0
0
0
0
0
0
0
0
0
0
0
0
0
0
0
0
0
0
inf
0
0
0
0
0
0
0
0
0
0
inf
0
0
0
0
0
0
0
0
inf
0
0
0
0
0
0
0
0
0
0
1.33061e+25
0
7.28405e-06
0
0
0
0
0
0
0
0
0
inf
0
inf
0
0
0
0
0
0
0
0
0
0
0
0
0
0
0
0
0
0
0
0
0
0
0
0
inf
0
0
0
0
0
0
inf
0
0
0
0
0
0
0
0
0
0
0
0
0
0
0
4.31619e-08
0
inf
0
0
0
0
0
inf
0
0
0
0
0
0
0
0
inf
0
0
0
0
0
0
0
0
0
0
0
0
0
0
0
0
0
0
0
0
0
0
0
0
0
0
0
0
0
0
0
0
0
0
0
0
0
0
0
0
inf
0
0
0
0
0
0
0
0
0
0
0
0
0
0
0
0
0
0
0
0
0
0
inf
0
0
0
0
0
0
0
0
0
0
0
0
inf
inf
0
0
0
0
3.68509e+13
0
0
0
0
0
0
0
0
0
0
0
0
0
0
3.42337e-14
0
0
0
0
0
0
0
0
0
0
0
0
0
0
0
0
0
0
0
0
0
0
0
0
0
0
0
0
0
0
0
0
0
0
0
0
0
0
0
0
0
0
0
0
0
0
0
0
0
0
0
0
0
0
0
inf
0
0
0
0
0
0
0
0
0
0
0
0
0
0
0
0
0
0
0
0
0
0
0
0
0
inf
0
0
0
0
0
inf
0
0
0
0
0
0
0
0
0
0
0
0
0
0
0
0
0
0
0
0
0
inf
inf
0
0
0
0
0
0
0
0
0
0
0
0
0
0
0
0
0
0
0
0
0
0
0
0
0
0
0
0
0
0
0
0
0
0
0
0
0
0
0
0
0
0
0
0
0
0
0
0
0
0
0
0
0
inf
inf
0
0
inf
0
0
0
0
0
0
0
0
0
0
0
0
0
0
0
0
0
0
0
0
0
0
0
0
0
inf
0
0
0
0
0
0
0
0
0
0
inf
0
0
0
0
0
0
0
0
0
0
0
0
0
0
0
0
0
0
inf
0
0
0
0
0
0
inf
0
0
0
0
0
0
0
0
0
0
0
0
0
0
0
0
0
0
0
0
0
inf
0
0
0
0
0
0
0
0
0
0
0
0
0
0
0
0
0
0
0
0
0
0
0
0
0
inf
0
0
0
0
0
0
0
0
0
0
0
0
0
0
0
0
0
0
0
0
0
0
0
0
0
0
0
0
0
0
0
0
0
0
0
0
0
0
0
0
inf
0
0
0
0
0
0
0
0
0
0
0
0
0
0
0
0
0
0
0
0
0
0
0
0
inf
0
0
0
0
inf
0
0
inf
0
0
0
0
0
0
0
0
0
0
0
0
0
0
0
0
0
0
0
0
0
0
0
0
0
0
0
0
0
0
0
0
0
0
0
0
0
0
inf
0
0
0
0
0
0
0
0
0
0
0
0
0
0
0
0
0
0
0
0
0
0
0
0
0
0
0
0
0
inf
0
0
0
0
0
0
0
0
0
0
0
0
0
0
0
0
0
0
0
0
inf
0
inf
0
0
0
0
0
0
0
0
0
0
0
0
inf
0
0
0
inf
0
0
0
0.00021765
0
0
0
0
0
0
0
0
0
0
0
0
0
0
0
0
0
0
0
0
0
0
0
0
0
0
0
0
0
0
0
0
0
0
0
0
0
0
0
0
0
0
inf
0
0
inf
0
0
0
0
inf
0
0
0
0
0
0
0
0
0
0
0
0
inf
0
0
0
0
0
0
0
0
0
0
0
0
0
0
0
0
0
0
0
0
0
0
0
0
0
0
0
0
0
0
0
0
inf
0
0
0
0
0
0
0
0
0
0
0
0
0
0
0
0
0
0
0
0
0
0
0
0
0
0
0
0
0
0
0
0
0
0
0
0
0
0
0
inf
0
0
0
0
0
0
0
0
0
0
0
0
0
0
0
0
0
0
0
0
0
0
0
0
inf
0
0
0
0
0
0
0
0
0
0
0
0
0
0
0
0
0
0
0
0
0
inf
0
0
0
0
0
0
0
0
0
0
inf
0
0
0
0
0
0
0
inf
0
0
0
0
0
inf
0
0
0
0
0
0
0
inf
0
0
inf
0
0
0
0
0
inf
0
0
0
0
0
0
0
0
0
0
0
inf
0
0
0
0
inf
0
0
0
inf
0
0
0
0
0
0
0
0
0
0
0
0
0
0
0
6.83514e+16
0
inf
0
0
inf
0
0
0
0
0
0
0
0
0
0
0
0
0
0
0
0
0
0
0
0
0
0
0
0
0
0
0
0
0
0
0
0
0
0
0
inf
0
0
0
0
0
0
0
0
0
0
0
0
0
0
0
inf
0
0
0
0
0
0
0
0
inf
0
0
0
0
inf
0
0
0
0
0
0
0
0
0
0
0
0
0
0
0
0
0
0
0
0
0
0
0
0
0
0
0
0
0
0
0
0
0
0
0
0
0
0
0
0
0
0
inf
0
0
0
0
0
0
0
0
inf
0
0
0
0
0
0
0
0
0
0
0
0
0
0
0
0
0
0
0
0
0
0
0
0
0
inf
0
0
0
0
0
0
0
0
0
0
inf
0
0
0
inf
0
0
0
0
0
0
0
0
0
0
inf
0
0
0
0
0
0
0
0
0
0
0
0
0
0
0
0
0
0
0
0
0
0
0
0
0
0
0
0
0
0
0
0
0
0
0
0
0
0
0
0
0
inf
0
0
0
0
0
0
0
0
0
0
0
0
0
0
0
0
0
0
0
0
0
0
0
inf
0
0
inf
0
0
0
0
0
0
0
0
0
0
0
0
inf
0
0
0
0
0
0
0
0
0
0
0
0
inf
0
0
0
0
0
0
0
0
0
inf
0
0
0
0
0
0
0
inf
0
0
0
0
0
0
0
0
0
inf
0
inf
0
0
0
0
0
0
0
0
0
0
0
0
0
0
0
inf
0
0
0
0
0
0
0
0
0
0
0
0
0
0
0
0
0
0
0
0
0
0
0
0
0
0
0
0
0
0
0
0
0
0
0
0
0
0
0
0
0
0
0
0
0
0
0
0
0
0
0
0
0
0
inf
0
0
0
0
0
0
0
0
0
0
0
0
0
0
0
0
0
0
0
0
0
0
0
0
0
0
0
0
0
0
0
0
0
0
0
0
0
0
0
0
0
0
0
0
0
0
0
0
0
0
inf
0
0
0
0
0
0
0
0
0
0
0
0
inf
0
0
0
0
0
0
0
0
0
0
0
0
0
0
0
0
0
0
0
0
0
0
0
0
0
0
0
0
0
0
0
0
0
0
0
0
0
0
0
0
0
0
0
0
0
0
0
0
0
0
0
0
0
0
0
0
0
0
inf
0
0
0
0
0
0
0
0
0
0
0
0
0
0
0
0
0
0
0
0
0
0
0
0
0
0
0
0
0
0
0
0
0
0
0
0
0
0
0
0
0
0
0
0
0
0
0
0
0
inf
0
0
0
0
0
0
0
inf
0
inf
0
0
0
0
0
0
0
0
0
0
0
0
0
0
0
0
0
0
0
0
0
0
0
0
0
0
0
0
0
inf
inf
0
0
0
0
0
0
0
0
0
0
0
inf
0
0
0
0
0
0
inf
0
0
0
0
0
0
0
0
0
0
inf
0
0
0
0
0
0
0
0
0
0
0
0
0
0
0
0
0
0
0
0
0
0
0
0
0
0
0
0
0
0
0
0
0
0
0
0
0
0
0
0
0
0
0
0
0
0
0
0
0
0
0
0
0
0
0
0
0
0
inf
0
0
0
0
0
0
0
0
0
0
0
0
0
0
0
0
0
0
0
inf
0
0
0
0
0
0
0
0
0
0
0
0
0
0
0
0
0
0
0
0
0
0
0
0
0
0
0
0
0
0
0
0
0
0
0
0
0
0
0
0
0
1
0
0
0
0
0
0
0
0
0
0
0
0
0
0
0
0
inf
0
0
0
0
0
0
0
0
inf
0
0
0
0
0
inf
0
inf
0
0
0
inf
0
0
0
0
0
0
0
0
0
0
0
0
0
0
0
0
0
inf
0
0
0
0
0
0
0
0
0
0
0
0
0
0
0
0
0
0
0
0
0
0
0
0
0
0
0
0
0
0
0
0
0
0
0
0
0
0
0
0
0
0
0
0
0
0
inf
0
0
0
0
0
0
0
0
0
0
0
0
0
0
0
0
0
0
0
0
0
0
0
0
0
0
0
0
0
0
0
0
0
inf
0
0
0
0
0
0
0
0
0
0
0
0
0
0
inf
0
0
0
inf
0
0
0
0
0
0
0
0
0
0
0
0
0
0
0
0
0
0
0
0
0
0
0
0
0
0
0
0
0
0
0
0
0
0
0
0
0
0
inf
0
0
0
0
0
0
0
0
0
0
0
0
0
0
0
0
0
0
0
0
0
0
0
0
0
0
0
0
0
0
0
0
0
0
0
0
0
0
0
0
0
0
0
inf
0
0
0
0
0
0
0
0
0
0
0
0
0
0
0
0
0
0
0
inf
0
0
0
0
0
0
0
0
0
0
0
0
0
0
0
0
0
0
0
0
0
0
0
0
0
0
0
0
0
0
0
0
0
0
0
0
0
0
0
0
0
0
0
0
0
0
0
0
0
0
0
inf
0
0
0
0
0
0
0
0
0
0
0
0
0
0
0
0
0
0
0
0
0
0
0
0
0
0
0
0
0
0
0
0
0
0
0
0
0
0
0
0
0
0
0
0
0
0
inf
0
0
0
0
0
0
0
0
0
0
0
inf
0
0
0
0
0
0
0
0
0
0
0
0
0
0
0
0
inf
0
0
0
0
0
0
0
0
0
0
0
0
0
0
0
0
0
0
0
0
0
0
0
0
0
0
0
0
inf
0
0
0
0
0
0
0
0
0
0
0
0
0
0
0
0
0
0
0
0
0
0
0
0
0
0
inf
0
0
0
inf
inf
0
0
0
0
0
0
0
0
0
0
inf
0
0
0
0
0
0
0
0
0
0
0
0
0
0
0
0
0
0
0
0
0
0
0
0
0
0
0
0
0
0
0
inf
0
0
0
0
0
0
0
0
0
0
0
0
0
0
0
0
0
0
0
0
0
0
0
0
0
0
0
0
inf
0
0
0
0
0
0
0
0
0
0
0
inf
0
0
0
0
0
0
0
0
0
0
0
0
0
0
0
0
0
0
0
0
0
0
inf
0
0
0
0
0
0
0
0
inf
0
0
0
0
0
0
0
0
0
0
0
0
0
0
inf
0
0
0
0
0
0
0
0
0
0
inf
0
0
0
0
0
0
0
0
0
inf
inf
0
0
0
0
0
0
0
0
0
0
0
0
0
0
0
0
0
0
0
0
0
0
0
inf
0
0
0
0
0
0
0
inf
0
0
0
inf
0
0
0
0
0
0
0
0
0
0
0
0
0
0
0
0
0
0
0
0
0
0
0
inf
0
inf
0
0
0
0
0
0
0
0
0
0
0
0
0
inf
0
0
0
0
0
0
0
0
0
0
0
0
0
0
0
0
0
0
0
0
0
0
0
0
0
0
inf
0
0
0
0
0
0
0
0
0
0
0
0
0
0
0
0
0
0
0
0
0
0
1
0
0
0
0
0
0
0
0
0
0
0
0
0
0
0
inf
0
0
0
0
0
0
0
0
0
0
inf
0
0
0
0
0
0
0
0
0
0
0
0
0
0
0
0
0
0
0
0
0
0
0
0
0
0
0
0
0
0
0
0
0
0
0
0
0
0
0
0
0
0
0
0
0
0
0
0
0
0
0
0
0
0
0
0
inf
0
0
0
0
0
0
0
0
0
0
0
0
inf
0
0
0
0
0
0
inf
0
0
0
inf
0
0
0
0
0
0
0
0
0
0
0
0
0
0
0
0
0
0
0
0
0
0
0
0
0
0
0
0
0
0
0
0
0
0
0
0
0
0
0
0
0
0
0
0
0
0
0
0
0
0
0
0
0
0
0
0
0
0
0
0
0
0
0
inf
0
0
0
0
inf
0
0
0
0
0
0
0
0
inf
0
0
0
0
0
0
0
0
0
0
0
0
0
0
0
0
0
0
0
0
0
0
0
0
0
0
0
0
0
0
0
0
0
0
0
0
0
0
0
0
0
0
0
0
0
0
0
0
0
0
0
0
0
0
0
0
0
0
0
0
0
0
0
0
0
0
0
0
0
0
0
0
0
0
0
0
0
0
0
0
0
0
0
0
0
0
0
0
0
0
0
0
0
0
0
0
0
0
0
0
0
0
0
0
0
0
0
0
0
0
0
0
0
0
0
0
0
0
0
0
0
0
0
0
0
0
0
0
0
0
0
0
0
0
0
0
0
0
0
0
0
0
0
0
0
0
0
0
0
0
0
0
0
0
inf
inf
0
0
0
0
0
0
0
0
inf
0
0
0
0
0
0
0
0
0
0
0
0
0
0
0
0
0
0
0
0
0
0
0
0
0
0
0
0
0
inf
0
0
0
0
0
0
0
0
0
0
0
0
0
inf
0
0
0
0
0
0
0
0
0
0
0
0
0
0
inf
0
0
inf
0
inf
0
0
0
0
0
0
0
0
0
0
0
0
0
0
0
inf
0
0
0
0
0
0
0
0
0
0
0
0
0
0
0
0
0
0
0
0
0
0
0
0
0
0
0
0
0
0
0
0
0
0
inf
0
0
inf
0
0
0
0
inf
0
0
0
0
0
0
0
0
0
0
0
0
0
0
0
0
0
0
0
0
0
0
0
0
0
0
inf
0
inf
0
0
0
0
0
0
0
0
0
0
0
0
0
0
0
0
0
0
0
0
inf
0
0
0
inf
0
0
0
0
0
0
0
0
0
0
0
0
0
0
0
0
0
0
0
0
0
0
0
0
0
0
0
0
0
0
0
0
0
0
0
0
0
0
inf
0
0
0
0
0
0
0
0
0
0
0
0
0
0
0
0
0
0
0
0
0
0
0
0
0
0
0
0
0
0
0
0
0
0
0
0
0
0
0
0
0
0
0
0
0
0
0
0
0
0
0
0
0
inf
0
0
0
0
0
0
0
0
0
0
0
0
0
0
0
0
0
0
0
0
0
0
0
0
0
0
0
0
0
0
0
0
0
0
0
0
0
0
0
0
0
0
0
0
0
0
0
0
0
0
0
0
0
0
0
0
0
0
0
0
0
0
0
0
0
0
0
0
0
0
0
0
0
0
0
0
0
0
0
0
0
0
0
0
0
0
0
0
0
0
0
0
0
0
0
0
0
0
0
0
0
0
inf
0
0
0
0
0
0
0
0
0
0
0
0
0
0
0
0
0
0
0
0
0
0
0
0
0
0
0
0
0
0
0
0
0
0
0
0
0
0
inf
0
0
0
0
0
0
0
0
0
0
0
0
0
0
0
0
0
0
0
0
0
0
0
inf
0
0
0
0
0
0
0
0
0
0
0
0
0
0
0
inf
0
0
0
0
0
0
0
0
inf
0
0
0
0
0
inf
0
1
inf
0
0
0
0
0
0
0
0
0
inf
0
0
0
0
0
0
0
0
0
0
0
0
0
0
0
0
0
0
0
inf
0
0
inf
0
0
inf
0
0
0
0
0
0
0
0
0
0
0
0
0
0
0
0
0
0
0
0
0
inf
0
0
0
0
0
0
0
0
0
0
0
inf
0
0
0
0
0
0
0
0
0
inf
0
0
0
0
0
0
0
0
0
0
0
0
0
0
0
0
inf
0
0
0
0
0
0
inf
0
0
0
0
0
0
0
0
0
0
0
0
0
0
0
0
0
0
0
0
0
0
0
inf
0
0
inf
0
0
0
0
0
0
0
0
0
0
0
0
0
0
0
inf
0
0
0
0
0
0
0
0
0
0
0
0
0
0
0
0
0
0
0
0
0
0
0
0
0
0
0
0
0
0
0
0
0
0
0
0
0
0
0
0
0
0
0
0
0
0
0
0
0
0
0
0
0
0
0
0
0
0
0
0
0
0
0
0
0
0
0
0
0
0
0
0
0
0
0
0
0
0
0
0
0
0
0
0
inf
0
inf
0
0
0
0
0
0
0
0
0
0
0
0
0
0
0
0
0
0
0
0
0
0
0
0
0
0
0
0
0
0
0
0
0
0
0
0
0
0
0
0
0
0
0
0
0
0
0
0
0
0
0
0
0
0
0
0
0
0
0
0
0
0
0
0
0
0
0
0
0
0
0
0
inf
0
0
0
0
0
0
0
0
0
0
0
0
0
0
0
0
0
0
0
0
0
0
0
0
0
0
0
0
0
0
0
0
0
0
0
0
0
0
0
0
0
0
0
0
0
0
0
0
0
0
0
0
0
0
0
0
0
0
0
0
0
0
0
0
0
0
0
0
0
0
0
0
0
inf
0
0
0
0
0
0
0
0
0
0
0
0
0
0
0
0
0
0
0
0
0
0
0
0
0
0
0
0
0
0
0
0
0
0
0
0
0
0
0
inf
0
0
0
inf
0
0
0
0
0
inf
0
0
0
0
0
0
0
0
0
0
0
0
0
inf
0
0
0
0
0
0
0
0
0
0
0
0
0
0
0
0
0
0
0
0
0
0
0
0
0
0
0
0
0
0
0
0
0
0
0
0
0
0
0
0
0
0
0
0
0
0
0
0
0
0
0
0
inf
0
0
0
0
0
0
inf
0
0
0
0
0
0
0
0
0
0
0
0
0
0
0
0
0
0
0
0
0
0
0
0
0
0
0
0
0
0
0
0
0
0
inf
0
0
0
0
0
0
0
0
0
0
0
0
inf
0
0
0
inf
0
0
0
0
0
0
0
0
0
0
0
0
0
0
0
0
0
0
0
0
0
0
0
0
0
inf
0
0
0
inf
0
0
0
0
0
0
0
0
0
0
0
0
0
0
0
0
0
0
0
0
0
0
0
0
0
0
0
0
0
0
0
0
0
0
0
0
0
0
0
0
0
0
0
0
0
0
0
0
0
0
0
0
0
0
0
0
0
0
0
0
0
0
0
0
0
0
0
0
0
0
0
0
0
0
0
0
0
inf
0
0
0
0
0
0
0
0
0
0
0
0
0
0
0
0
0
0
0
0
inf
0
0
0
0
0
0
0
0
0
0
0
0
0
0
0
0
0
0
0
0
0
0
0
0
0
0
0
0
0
0
0
0
0
0
0
0
0
0
0
0
0
0
0
0
0
0
0
0
0
0
0
0
0
0
0
0
0
0
0
0
0
0
0
0
0
0
0
0
0
0
0
0
inf
0
0
0
0
0
0
0
0
0
0
0
0
0
0
inf
0
0
0
0
0
0
0
0
0
0
0
0
0
0
0
0
0
0
inf
0
0
0
0
inf
0
0
0
0
0
inf
0
0
0
0
0
0
0
0
0
0
0
0
0
0
0
0
0
0
0
0
0
0
0
inf
0
0
0
0
0
0
0
0
0
0
0
0
0
0
0
0
0
0
0
0
0
0
0
0
0
inf
0
0
0
0
0
0
0
0
0
0
0
0
0
0
0
0
0
0
0
0
0
0
0
0
0
0
0
0
0
0
0
0
0
0
0
0
0
0
0
0
0
0
0
0
0
0
0
0
0
0
0
0
0
0
0
0
0
0
0
0
0
0
0
0
0
0
0
0
0
0
0
0
0
0
0
0
0
0
0
0
0
0
0
0
0
0
inf
0
0
0
0
0
0
0
0
0
0
0
0
0
0
0
0
0
0
0
0
0
0
0
0
0
0
0
0
0
0
0
0
0
0
0
0
0
0
0
0
0
0
0
0
0
0
0
0
0
0
0
0
0
0
0
0
0
0
0
0
0
0
0
0
0
0
0
0
0
0
0
0
0
0
0
0
0
0
0
0
0
0
0
0
0
0
0
0
0
0
0
0
0
0
0
0
0
0
0
0
0
0
0
0
0
0
0
0
0
0
0
0
0
0
0
0
0
inf
0
0
0
0
0
0
0
0
inf
0
0
0
0
0
0
0
0
0
0
0
0
0
0
0
0
0
0
0
0
0
0
0
inf
0
0
0
inf
0
0
0
0
0
0
0
0
0
0
0
0
0
0
0
0
0
0
0
0
0
0
0
0
0
0
0
0
0
0
0
0
0
0
0
0
inf
0
0
0
0
0
0
0
0
0
0
0
0
0
0
0
0
0
0
0
0
0
0
0
0
0
0
0
0
0
0
0
0
0
0
0
0
0
0
0
0
0
0
0
0
0
0
0
0
0
0
0
0
0
0
0
0
0
0
0
0
0
0
0
0
0
0
0
0
0
inf
0
inf
0
0
0
0
0
0
0
0
0
0
0
inf
0
0
0
0
0
0
0
0
0
0
0
0
0
0
0
inf
0
0
0
0
0
0
0
0
0
0
0
0
0
0
0
0
0
0
0
0
0
0
0
0
0
0
0
0
0
0
0
0
0
0
0
0
0
0
inf
0
0
inf
0
0
0
0
0
0
0
0
0
inf
0
0
0
0
0
0
0
0
0
0
0
0
0
0
0
0
0
0
0
0
0
0
0
0
0
0
0
inf
0
0
0
0
0
0
0
0
0
0
0
0
0
0
0
inf
0
0
0
0
0
0
0
0
0
0
0
0
0
0
0
0
0
0
0
0
0
0
0
0
0
inf
inf
inf
0
0
0
0
0
0
0
0
0
0
inf
0
0
0
0
0
0
0
0
0
0
0
0
0
0
0
0
0
0
0
0
0
0
0
0
0
0
0
0
0
0
0
0
0
0
0
0
0
0
0
0
0
0
0
0
0
0
0
0
0
0
0
0
0
0
inf
0
0
0
0
0
0
0
0
0
0
0
0
0
0
0
0
0
0
0
0
0
0
0
0
0
0
0
0
0
0
0
0
0
0
0
inf
0
0
0
0
0
0
0
0
0
0
0
0
0
0
0
0
0
0
0
0
0
0
0
0
0
0
0
0
0
0
0
0
0
0
0
0
0
0
0
0
0
0
0
0
0
0
0
0
0
0
0
0
0
0
0
0
0
inf
0
0
0
0
0
0
0
0
0
0
0
0
0
0
0
0
0
0
0
0
0
0
0
inf
0
0
0
0
0
0
0
0
0
0
0
0
0
0
0
0
0
0
0
0
0
0
0
0
0
0
0
0
0
0
0
0
0
0
0
0
0
0
0
0
0
0
0
0
0
0
0
0
0
0
inf
0
0
0
0
0
0
0
0
0
0
0
0
0
0
0
inf
0
0
0
0
0
0
0
0
0
0
0
0
0
0
0
0
0
0
0
0
0
0
0
0
0
0
0
0
inf
0
0
0
0
0
0
0
0
0
0
0
0
0
0
0
0
0
0
0
0
0
0
0
0
0
0
0
0
0
0
0
0
0
0
0
0
0
inf
0
0
0
0
0
0
0
0
0
0
0
0
inf
0
0
0
0
inf
0
0
0
0
0
0
0
0
0
0
inf
0
0
0
0
0
0
0
0
0
0
0
0
0
inf
0
0
0
0
0
0
0
0
0
0
0
0
0
0
0
0
0
0
inf
0
inf
0
0
0
0
0
0
0
0
0
0
0
0
0
0
0
0
0
0
0
0
0
0
0
0
0
0
0
0
0
0
0
0
0
0
0
0
0
0
0
0
0
0
0
0
0
0
0
0
0
0
0
0
0
inf
0
0
0
0
0
0
0
0
0
0
0
0
inf
0
0
0
0
0
0
0
0
inf
0
0
0
0
0
0
0
0
0
0
0
inf
0
0
0
0
0
0
0
0
0
0
0
0
0
0
0
0
0
0
0
0
0
0
0
0
0
0
0
0
0
0
0
0
0
0
0
0
0
0
0
0
0
0
0
0
0
0
0
0
0
0
0
0
0
0
0
0
0
0
0
0
0
0
0
0
0
0
0
0
inf
0
0
0
0
0
0
0
0
0
0
0
0
0
0
inf
0
0
0
0
0
inf
0
0
0
0
0
0
inf
0
0
0
0
0
0
0
0
0
0
0
0
0
0
0
0
0
0
0
0
inf
0
0
0
0
0
0
0
0
0
inf
0
0
0
0
0
inf
0
0
0
0
0
0
0
0
0
0
0
0
0
0
0
0
0
0
0
0
0
0
0
0
0
0
0
0
0
0
0
0
0
0
0
0
0
0
0
0
0
0
0
0
0
0
0
inf
0
0
0
0
0
0
0
inf
0
0
0
0
0
0
0
inf
0
0
0
0
0
0
0
0
0
0
0
0
0
0
0
0
0
0
0
0
0
0
0
0
0
0
0
0
0
0
0
0
0
0
0
0
0
0
0
0
inf
0
0
0
0
0
0
0
0
1
0
0
0
0
0
0
0
0
0
0
0
0
0
0
0
0
0
0
inf
0
0
0
0
0
0
0
0
0
0
inf
0
0
0
0
0
0
0
0
0
0
0
0
inf
0
0
0
0
0
0
0
0
0
0
0
0
0
0
0
0
0
0
0
0
0
0
0
0
0
0
0
0
0
0
0
0
0
0
0
0
0
0
0
0
inf
0
inf
0
0
0
0
0
0
0
0
0
0
0
0
0
0
0
0
0
0
0
0
0
0
0
0
0
0
0
0
0
0
0
0
0
0
0
0
0
0
0
0
0
0
0
0
0
0
0
0
0
0
0
0
0
0
0
0
inf
0
0
0
0
inf
0
0
inf
0
0
0
0
0
0
0
0
0
0
0
0
0
0
0
0
0
0
0
0
inf
0
0
0
0
0
0
0
0
0
0
0
0
0
0
0
0
0
0
0
0
0
0
0
0
0
0
0
0
0
0
0
0
0
0
0
0
0
0
0
0
0
0
0
0
0
0
0
0
0
0
0
0
0
0
inf
0
0
0
0
0
0
0
0
0
0
0
0
0
0
0
0
0
0
0
0
0
0
0
0
0
0
0
0
0
0
0
0
0
0
0
0
0
0
0
0
0
0
0
0
0
0
0
0
0
0
inf
0
0
0
0
0
inf
0
0
0
0
0
0
0
0
0
0
0
0
0
0
0
0
0
0
0
0
0
0
0
0
0
0
0
0
0
0
0
0
0
0
0
0
0
0
0
0
0
0
0
0
0
0
0
0
0
0
0
0
0
0
0
0
0
0
0
0
0
0
0
0
0
0
0
0
inf
0
0
0
0
0
0
0
0
0
0
0
0
0
0
0
0
0
0
0
0
0
0
0
0
0
0
0
0
0
0
0
0
0
0
0
0
0
0
0
0
inf
0
0
0
0
0
0
0
0
0
0
0
0
0
0
0
0
0
0
0
0
0
inf
0
0
0
0
0
0
0
0
0
0
0
0
0
0
0
0
0
0
0
0
0
0
0
0
0
0
0
0
0
0
0
0
0
0
0
0
0
0
0
0
0
0
0
0
0
0
0
0
0
0
0
0
0
inf
0
0
inf
0
0
0
0
0
0
0
0
0
0
0
0
0
0
0
0
0
0
0
0
0
0
0
0
0
0
0
inf
0
0
0
0
0
0
0
0
0
0
0
0
0
0
0
0
0
0
0
0
0
inf
0
0
0
0
0
0
0
0
0
0
inf
0
0
0
0
0
0
inf
0
0
0
0
0
0
0
0
0
0
0
0
0
0
0
0
inf
0
0
inf
0
0
0
0
0
0
0
0
0
0
0
inf
0
0
0
0
0
0
0
0
0
0
0
0
0
0
0
0
0
0
0
0
0
0
0
0
0
0
0
0
inf
0
0
0
0
0
0
0
0
0
0
0
0
0
0
0
0
0
0
0
0
0
0
0
0
0
0
inf
0
0
0
0
inf
0
0
0
0
0
0
0
0
0
0
0
0
0
0
0
0
0
0
0
0
0
0
0
0
0
0
0
0
0
0
0
0
0
0
0
0
0
0
0
0
0
0
0
0
0
0
0
0
0
0
0
0
0
0
0
0
0
0
0
0
0
0
0
0
0
0
0
inf
0
0
0
0
0
0
0
0
0
0
0
0
0
0
0
0
0
0
0
0
0
0
0
0
0
0
0
0
0
0
0
0
0
0
0
0
0
0
0
0
0
0
0
0
0
0
0
0
0
inf
0
0
0
0
0
0
0
0
0
0
0
0
0
0
0
0
0
0
0
0
0
0
0
0
0
0
0
inf
0
0
0
inf
0
0
0
0
0
0
0
0
0
0
0
0
0
0
0
0
0
0
0
0
0
inf
0
0
0
0
0
0
0
0
0
0
0
0
inf
0
0
0
0
0
0
0
0
0
0
0
0
inf
0
0
0
0
0
0
0
0
0
0
0
0
0
0
0
0
0
0
0
0
0
0
0
0
0
0
0
0
0
0
0
0
0
inf
0
0
0
0
0
0
0
0
0
0
0
inf
0
0
0
0
0
0
0
0
0
0
0
0
0
0
0
0
0
0
0
0
0
0
0
0
0
0
0
0
0
0
0
0
0
0
0
0
0
0
0
0
0
0
0
0
0
0
0
0
0
0
0
0
0
0
0
0
0
0
0
0
0
0
0
0
0
0
0
0
0
0
0
0
0
0
0
0
0
0
0
0
0
0
0
0
0
0
0
0
0
0
0
0
0
0
0
0
0
0
0
0
0
0
0
0
inf
0
0
0
0
0
0
0
0
0
0
0
0
0
0
0
0
0
0
0
0
0
0
inf
0
0
0
0
0
0
0
0
0
0
0
0
0
0
0
0
0
0
0
0
0
0
0
0
0
0
0
inf
0
0
0
0
0
0
0
0
0
0
0
0
0
0
0
0
0
0
0
0
0
0
0
0
0
0
0
0
0
0
0
0
0
0
0
0
0
0
0
0
0
0
0
0
0
0
0
0
0
0
0
0
0
0
0
0
0
0
0
0
0
0
0
0
0
0
0
0
0
0
0
0
0
0
0
0
0
0
0
0
0
0
0
0
0
0
0
0
0
0
0
0
0
0
0
0
0
0
0
inf
0
0
0
inf
0
0
0
0
inf
inf
0
0
0
inf
0
0
0
0
0
0
0
0
0
0
0
inf
0
0
0
0
0
0
0
0
0
0
0
0
0
0
0
0
0
0
0
0
0
0
0
0
0
0
0
0
0
0
0
0
0
0
0
0
0
inf
0
0
0
0
0
0
0
0
0
0
0
0
0
1
0
0
0
0
0
0
0
0
0
0
0
0
0
0
0
0
0
0
0
0
inf
0
0
0
0
0
0
0
0
0
0
0
0
0
0
0
0
0
0
0
0
0
0
0
0
0
0
0
0
0
0
0
0
inf
0
0
0
0
inf
0
0
0
0
0
0
0
0
0
0
0
0
0
0
0
0
0
0
0
inf
0
0
0
0
0
0
0
0
0
0
0
0
0
0
0
0
0
0
0
0
0
inf
0
0
0
0
0
0
0
0
0
0
0
0
0
0
0
0
0
0
0
0
0
0
0
0
inf
0
0
0
0
0
inf
0
inf
0
0
0
0
0
0
0
0
0
0
0
0
0
0
inf
0
inf
0
0
0
0
0
0
0
0
0
0
0
0
0
0
0
0
0
0
0
0
0
0
0
0
0
0
0
0
inf
0
0
0
0
0
0
0
0
0
0
0
0
0
0
0
0
0
0
0
0
0
0
0
0
0
0
0
0
0
0
0
0
0
0
0
0
0
0
0
0
0
0
0
0
0
0
0
0
0
0
0
inf
0
0
0
0
0
0
0
0
0
0
0
0
0
0
0
0
0
0
0
0
0
0
0
0
0
0
0
0
0
0
0
0
0
0
0
0
0
0
inf
0
0
0
0
0
0
0
0
0
0
0
0
0
0
0
0
0
0
0
0
0
0
0
0
0
0
0
0
0
0
0
0
0
0
0
0
0
0
0
0
0
0
0
0
0
0
0
0
0
0
0
0
inf
0
0
0
0
0
0
0
0
0
0
0
0
0
0
0
0
0
0
0
0
0
0
0
0
0
0
0
0
0
0
0
0
0
0
0
0
0
0
0
0
0
0
0
0
0
0
0
0
0
0
0
0
0
0
0
0
0
0
0
0
0
0
0
0
0
0
0
0
0
inf
0
0
0
0
0
0
0
0
0
0
0
0
0
0
0
0
0
0
0
0
0
0
0
0
0
0
0
0
0
0
0
0
0
0
0
0
0
0
0
0
0
0
0
0
0
0
0
0
0
0
0
0
0
0
inf
0
inf
0
0
0
0
0
inf
0
0
0
0
0
0
0
0
0
0
0
0
0
0
0
0
0
0
0
0
0
0
0
0
0
0
0
0
0
0
0
0
0
0
0
0
0
0
0
0
0
0
0
0
0
0
0
0
0
inf
0
0
0
0
0
0
0
0
0
0
0
0
0
0
0
0
0
0
0
0
0
0
0
0
0
0
0
0
0
0
0
0
0
0
0
0
0
0
0
0
0
0
0
0
0
0
0
0
0
0
0
0
0
0
0
0
0
0
0
0
0
0
0
0
0
0
0
0
0
0
0
0
0
inf
0
0
0
0
0
0
0
0
0
0
0
0
0
0
0
0
0
0
0
0
0
0
0
0
0
0
0
0
0
0
0
0
0
0
0
0
0
0
0
0
0
0
0
0
0
0
0
0
0
inf
0
0
0
0
0
0
0
0
inf
0
0
0
0
0
0
inf
0
0
0
0
0
0
0
inf
0
0
0
0
0
0
0
0
0
0
0
0
0
0
0
0
0
0
0
0
0
0
0
0
0
0
0
0
0
0
0
0
0
0
0
0
0
0
0
0
0
0
0
0
0
0
inf
0
0
0
0
0
0
0
0
0
0
0
0
0
0
0
0
0
0
0
0
0
0
inf
0
0
0
0
0
0
0
0
0
0
0
0
0
0
inf
0
0
0
0
0
0
0
0
0
0
0
0
0
0
0
0
0
0
0
0
0
0
0
0
0
0
0
0
0
0
0
0
0
0
0
0
0
0
0
0
0
0
0
0
0
0
0
0
0
0
0
0
0
0
0
0
0
0
0
0
0
0
0
inf
0
0
0
0
0
0
0
0
0
0
0
0
0
0
0
0
0
0
0
0
0
0
0
0
0
0
0
0
0
0
0
0
0
0
0
0
0
0
0
0
0
0
0
0
inf
0
0
0
0
0
0
0
0
0
0
0
0
0
0
0
0
0
0
0
0
0
0
0
0
0
0
0
0
0
0
0
0
0
0
0
0
0
0
0
inf
0
0
0
0
0
0
0
0
0
0
0
0
0
0
0
0
0
0
0
0
0
0
0
0
0
0
0
inf
inf
0
0
0
0
0
0
0
0
0
0
0
0
inf
0
0
0
0
0
0
0
0
0
0
0
0
0
0
0
0
0
0
0
0
0
0
0
0
0
0
0
0
0
0
0
0
inf
0
0
0
0
0
0
0
0
0
0
0
0
0
0
0
0
0
0
0
0
0
inf
0
0
0
0
0
0
0
0
0
0
0
0
0
0
0
0
0
0
0
0
0
0
0
0
0
0
1
0
0
0
0
0
0
0
0
0
0
0
0
0
0
0
0
0
0
0
0
0
0
0
0
inf
0
0
0
0
0
0
0
0
0
0
0
0
0
0
0
0
0
0
0
0
0
0
0
0
0
0
0
0
0
0
0
0
0
0
0
0
0
0
0
0
0
0
0
0
0
0
0
0
0
0
0
0
0
0
0
0
0
0
0
0
0
0
inf
0
0
0
0
0
0
0
0
0
0
0
0
0
0
0
0
0
0
0
0
0
0
0
0
0
0
0
inf
0
0
0
0
0
0
0
0
0
0
0
0
0
0
0
0
0
0
0
0
0
0
0
0
0
0
0
0
0
0
0
0
0
0
0
inf
0
0
0
0
0
0
0
0
0
0
0
0
0
0
0
0
0
0
0
0
0
0
0
0
0
0
0
0
0
0
0
0
0
0
0
0
0
0
0
0
inf
0
0
0
0
0
0
0
0
0
0
0
0
0
0
0
0
0
0
0
0
0
0
inf
0
0
0
0
0
0
0
0
0
0
0
0
0
0
0
0
0
0
0
0
0
0
0
0
0
0
0
0
0
0
0
0
0
0
0
0
0
0
0
0
0
0
0
0
0
0
0
0
0
0
0
0
0
0
0
0
0
0
0
0
0
0
0
0
0
0
0
0
0
inf
0
0
0
0
0
0
0
0
0
0
0
0
0
0
0
0
0
0
0
0
0
0
0
0
0
0
0
0
0
0
0
0
0
0
0
0
0
0
0
0
0
0
0
0
0
0
0
0
0
0
0
inf
0
0
0
0
0
0
0
0
0
0
0
0
0
0
0
0
0
0
0
0
0
0
0
0
0
0
0
0
0
0
0
inf
inf
0
0
0
0
0
inf
0
0
0
0
0
0
0
0
0
0
0
0
0
0
0
0
0
0
0
0
0
0
0
0
0
0
0
0
0
0
0
0
0
0
0
0
0
0
0
0
0
0
0
0
0
0
0
0
0
0
0
0
0
0
0
0
0
0
0
0
0
0
0
0
0
0
0
0
0
0
0
0
0
0
0
0
0
0
0
0
0
0
0
0
0
0
0
0
0
0
0
0
0
0
0
0
0
0
0
0
0
0
0
0
0
inf
0
0
0
0
0
0
0
0
0
0
0
1
0
0
0
0
0
0
0
0
0
0
0
0
0
0
0
0
0
0
0
0
0
0
0
0
0
0
0
0
0
0
0
0
0
0
0
0
0
0
inf
0
0
0
0
0
0
0
0
0
0
0
0
0
0
0
0
0
0
0
0
0
0
0
0
0
0
0
0
0
inf
0
0
0
0
0
0
inf
0
0
0
0
0
0
0
0
0
0
0
0
0
0
0
0
0
0
0
inf
0
0
0
0
0
0
0
0
0
0
0
0
0
0
0
inf
0
0
0
inf
0
inf
0
0
0
0
0
0
0
0
0
0
0
0
0
0
0
0
0
0
0
0
0
0
0
0
0
0
0
0
0
0
0
0
0
0
0
inf
0
0
0
0
0
0
0
0
0
0
0
0
0
0
0
0
0
0
0
0
0
0
0
0
0
0
0
0
0
0
inf
0
0
0
0
0
0
0
0
0
0
0
0
0
0
0
0
0
0
0
0
0
0
0
0
0
0
0
0
0
0
0
inf
0
0
0
0
0
0
0
0
0
0
0
0
0
0
0
0
inf
0
0
0
0
0
0
inf
0
inf
0
0
0
0
0
0
0
0
0
0
0
0
0
0
0
0
0
0
0
0
0
0
0
0
0
0
0
inf
0
0
0
0
0
0
0
0
0
0
0
0
0
0
0
0
0
0
0
0
0
inf
0
0
0
0
0
0
0
0
0
0
0
0
0
0
0
inf
0
0
0
0
0
0
0
inf
0
0
0
0
0
0
0
0
0
0
0
0
0
0
0
0
0
0
0
0
0
inf
0
0
0
0
0
0
0
0
0
0
0
0
0
0
0
0
0
0
0
0
0
0
0
inf
0
0
0
0
0
0
0
0
0
0
0
0
0
0
0
0
0
0
0
0
inf
0
0
0
0
0
0
0
0
0
0
0
0
0
0
0
0
0
inf
0
0
0
0
0
0
0
0
0
0
0
0
0
0
0
0
0
0
0
0
0
0
0
0
0
0
0
0
0
0
0
0
0
0
0
0
0
0
0
0
0
0
0
0
0
0
0
0
0
0
0
0
inf
0
0
0
0
0
0
0
0
0
0
0
0
0
0
0
0
0
0
0
0
0
0
0
0
0
0
0
0
0
0
0
0
0
0
0
0
0
0
0
0
0
0
0
0
0
0
0
0
0
0
0
0
0
0
0
0
0
0
0
0
0
0
inf
0
0
0
0
0
0
0
0
0
0
0
0
0
0
0
0
0
0
0
0
0
0
0
0
0
0
0
0
0
0
0
0
0
0
0
0
0
0
0
0
0
0
0
0
0
0
0
0
0
0
0
0
0
0
inf
0
0
0
0
0
0
inf
0
0
0
0
inf
0
0
0
0
0
0
0
0
0
0
0
0
0
0
0
0
0
0
0
0
0
0
0
0
0
0
0
0
0
0
0
0
0
0
0
0
0
0
0
0
0
0
0
0
0
0
0
0
0
0
0
0
0
0
0
0
0
0
0
0
inf
0
0
0
0
0
0
0
0
0
0
0
0
0
0
0
0
0
0
0
0
0
0
0
0
0
0
0
0
0
0
0
0
0
0
0
0
0
0
0
0
0
0
0
0
0
0
0
inf
0
0
0
0
0
0
0
0
0
0
0
0
0
0
0
0
0
0
0
0
0
0
0
0
0
0
0
0
0
0
0
0
0
0
0
0
0
0
0
0
0
0
0
0
0
0
0
0
0
0
0
0
0
0
0
0
0
0
0
0
0
0
0
0
0
0
0
0
0
0
0
0
0
0
0
0
0
0
0
0
0
0
0
0
0
0
0
0
inf
0
0
0
0
0
0
0
0
0
0
0
0
0
0
0
0
0
0
0
0
0
0
0
0
0
0
0
0
0
0
0
0
0
0
inf
0
0
0
0
0
0
0
0
0
0
0
0
0
0
0
0
0
0
0
0
0
0
0
0
0
0
0
0
0
0
0
0
0
0
0
0
0
0
0
0
0
0
0
0
0
0
0
0
0
0
0
0
0
0
0
0
0
0
0
0
0
0
0
0
0
0
0
0
0
0
inf
0
inf
0
0
0
0
0
0
0
0
0
0
0
0
0
0
0
0
0
0
0
0
0
0
0
0
0
0
0
0
0
0
0
0
0
inf
0
0
0
0
0
0
0
0
0
0
0
0
0
0
0
0
0
0
0
0
0
0
0
0
0
0
0
0
0
0
0
0
0
0
0
0
0
0
0
0
0
0
0
0
0
0
0
0
0
0
0
inf
0
0
0
0
0
0
0
0
0
0
0
0
0
0
0
0
0
0
0
0
0
0
0
0
0
0
0
0
0
0
0
0
0
0
0
0
0
0
0
0
0
0
0
0
0
0
0
0
0
0
0
0
0
inf
0
0
0
0
0
0
0
0
0
0
0
0
0
inf
0
0
0
0
0
0
0
0
0
0
0
0
0
0
0
0
inf
0
0
0
0
0
0
0
0
0
0
0
0
0
0
0
0
inf
0
0
0
0
0
0
0
0
0
0
0
0
inf
0
0
0
0
0
0
0
0
0
0
0
0
0
0
0
0
0
0
0
0
0
0
0
0
0
0
0
0
0
0
inf
0
0
0
0
0
0
inf
0
0
0
0
0
0
0
0
0
0
0
0
0
0
0
0
0
0
0
0
0
0
0
0
0
0
0
0
0
0
0
0
0
0
0
0
inf
0
0
0
0
0
0
0
0
0
inf
0
0
0
0
0
0
0
0
0
0
0
0
0
0
0
0
0
0
inf
0
0
0
0
0
0
0
0
0
0
0
inf
0
0
0
0
0
0
0
0
0
0
0
inf
0
0
0
0
0
0
0
0
0
0
0
0
0
0
0
0
0
0
0
0
0
0
0
0
0
0
0
0
0
0
0
0
0
0
0
inf
0
0
0
0
0
0
0
0
0
0
0
0
0
0
0
0
0
0
0
0
0
0
0
0
0
0
0
0
0
0
0
0
0
0
0
0
0
0
0
0
0
0
0
0
0
0
0
0
0
0
0
0
0
0
0
0
0
0
0
0
0
0
0
0
0
0
0
0
0
0
0
0
0
0
0
0
inf
0
0
0
0
0
0
0
0
0
0
0
0
0
0
0
0
inf
0
0
0
0
0
0
0
0
0
0
0
0
0
0
0
0
0
0
0
0
0
0
0
0
0
0
0
0
0
0
0
0
0
0
0
0
0
0
0
0
0
0
0
0
0
0
0
0
0
0
0
0
0
0
0
0
0
0
0
0
0
0
0
0
0
0
0
0
0
0
0
0
0
0
0
0
0
0
0
0
0
0
0
0
inf
0
0
inf
0
0
0
0
0
0
0
0
0
0
0
0
0
0
0
0
0
0
0
0
0
0
0
0
0
0
0
0
inf
0
0
0
0
0
0
0
0
0
0
0
0
0
0
0
0
0
0
0
0
0
0
0
0
0
0
0
0
0
0
0
0
0
0
0
0
0
0
0
0
0
0
0
0
0
0
0
0
0
0
0
0
0
inf
0
0
0
0
inf
0
0
0
0
0
0
0
0
0
0
0
0
0
0
0
0
0
0
0
0
0
0
0
0
0
0
0
0
0
0
0
0
0
inf
0
0
0
0
0
0
0
0
0
0
0
0
0
0
0
0
0
0
inf
0
0
0
0
0
0
0
0
0
0
0
0
0
0
0
0
0
0
0
0
0
0
0
0
0
0
0
0
0
0
0
0
0
0
0
0
0
0
0
0
0
0
0
0
0
0
inf
0
0
0
0
0
0
0
0
0
0
0
0
0
0
inf
0
0
0
0
0
0
0
0
0
0
0
0
0
0
0
0
0
0
0
0
0
0
0
0
0
0
0
0
0
0
0
0
0
0
0
0
0
0
0
0
0
0
0
0
0
0
inf
0
0
0
0
0
0
0
0
0
0
0
0
0
0
0
0
0
0
0
inf
0
0
inf
0
0
0
0
0
0
0
0
0
0
0
0
0
0
0
0
0
inf
0
0
0
0
0
0
0
0
0
0
0
0
0
0
0
0
0
0
0
0
0
0
0
0
0
0
0
0
0
0
inf
0
0
0
0
0
0
0
0
0
0
0
0
0
inf
0
0
0
0
0
0
0
0
0
0
0
inf
0
0
inf
0
0
0
0
0
0
0
0
0
0
0
0
0
0
0
0
0
0
0
0
0
0
0
0
0
0
0
0
0
0
0
0
0
0
0
0
0
0
0
0
0
0
0
0
0
0
0
0
0
0
0
0
0
0
0
0
0
0
0
0
0
0
0
0
0
0
0
0
0
0
0
0
0
0
0
0
0
0
0
0
0
0
0
0
0
0
0
0
0
0
0
0
0
0
0
0
0
0
0
0
inf
0
0
0
0
0
0
0
0
0
0
0
0
0
0
0
0
0
0
0
0
0
0
0
0
0
0
0
0
0
0
0
0
0
0
0
0
0
0
0
0
inf
0
0
0
0
0
inf
0
0
0
0
0
0
0
0
0
0
0
0
0
0
0
0
0
inf
0
0
0
0
0
0
0
0
0
0
inf
0
0
0
0
0
0
0
0
0
0
0
0
0
0
0
0
0
0
0
0
0
0
0
0
0
0
0
0
0
0
0
0
inf
0
0
0
0
0
0
0
inf
0
0
0
0
0
0
0
0
0
0
0
0
0
0
0
0
0
0
0
0
0
0
0
0
0
0
0
0
0
0
0
0
0
0
0
0
0
0
0
0
0
0
inf
0
0
0
0
0
0
0
0
0
0
0
0
0
0
0
0
0
0
inf
0
0
0
0
0
0
inf
0
0
0
0
0
0
0
0
0
0
0
0
0
0
0
0
0
0
0
0
0
0
0
0
0
0
0
0
0
0
0
0
0
0
0
0
0
0
0
0
0
0
0
0
0
0
0
0
0
0
0
0
0
0
0
0
0
0
inf
0
0
0
0
0
0
0
0
0
0
0
0
0
0
0
0
0
0
0
0
0
0
0
0
0
0
0
0
0
0
0
0
0
0
0
0
0
0
0
0
0
0
0
0
0
0
0
0
0
0
0
0
0
0
0
0
0
0
0
0
0
0
0
0
0
0
0
0
0
inf
0
0
0
0
0
0
0
0
0
0
0
0
0
0
0
0
0
0
0
0
0
0
0
0
0
0
0
inf
0
0
0
0
0
0
0
0
0
0
0
0
0
0
0
0
0
0
0
0
0
0
0
0
0
0
0
0
0
0
0
0
0
0
0
0
0
0
0
0
0
0
0
0
0
0
0
0
0
0
0
0
0
0
0
0
0
0
0
0
0
0
inf
0
0
0
0
0
0
0
0
0
0
0
0
0
0
0
0
0
0
0
0
0
0
0
0
0
0
0
0
0
inf
0
0
0
0
0
0
0
0
0
0
0
0
0
0
0
0
0
0
0
0
0
0
0
0
0
0
0
0
0
0
0
0
0
0
0
0
0
0
0
0
0
0
0
0
0
0
0
0
0
0
0
0
0
0
0
0
0
0
0
0
0
0
0
0
0
0
0
0
0
inf
0
0
0
inf
0
0
0
0
0
0
0
0
0
0
0
0
0
0
0
0
0
0
0
0
0
0
0
0
0
0
0
0
0
0
0
0
0
0
0
0
0
0
0
0
0
0
0
0
0
0
0
0
inf
0
0
0
0
0
0
inf
0
0
0
0
0
0
0
0
0
0
0
0
0
0
0
0
0
inf
0
0
0
0
0
0
0
0
0
0
0
0
0
0
0
0
0
0
inf
0
0
0
0
0
0
0
0
0
0
0
0
0
0
0
0
0
0
0
0
0
0
0
0
0
0
0
0
0
0
0
0
0
0
0
0
0
0
0
0
0
0
0
0
0
0
0
0
0
0
0
0
0
0
0
0
0
0
0
0
0
0
0
0
0
0
0
0
0
inf
0
0
0
0
0
0
0
0
0
0
0
inf
0
0
0
inf
0
0
0
0
0
0
0
0
0
0
0
0
0
0
0
0
0
0
0
0
0
0
0
0
0
0
0
0
0
0
0
0
0
0
0
0
0
0
0
0
0
0
0
0
0
0
0
0
0
0
0
0
0
0
0
0
inf
0
0
0
0
0
0
0
0
0
0
0
0
0
0
0
0
0
0
0
0
0
0
0
0
0
0
0
0
0
0
0
0
0
0
0
0
0
0
0
0
0
0
0
0
0
0
0
0
0
0
0
0
0
0
0
inf
0
0
0
0
0
0
0
0
0
0
0
inf
0
0
0
0
0
0
0
0
0
0
0
0
0
0
0
0
0
0
0
0
0
inf
inf
0
0
0
0
0
0
inf
0
0
0
0
0
0
0
0
0
0
0
inf
0
0
0
0
0
0
0
0
0
0
0
0
0
0
0
0
0
0
0
0
0
0
0
0
0
0
0
0
0
0
0
0
0
0
0
0
0
0
0
0
0
0
inf
0
0
0
0
0
0
inf
0
0
0
0
0
0
0
0
0
0
0
0
0
0
0
0
0
0
0
0
0
0
0
0
0
0
0
0
0
0
0
0
0
0
0
0
0
0
0
0
0
0
inf
0
0
0
0
0
0
0
1
0
0
0
0
0
0
0
0
0
0
0
0
0
0
0
0
inf
0
0
0
0
0
0
0
0
0
0
0
0
0
0
0
0
0
0
0
0
0
0
0
0
0
inf
0
0
0
0
0
0
0
0
0
0
inf
0
0
0
0
0
0
0
0
0
0
0
0
0
0
0
0
0
0
0
0
0
0
0
0
0
0
0
0
inf
0
0
inf
0
inf
0
0
0
0
0
0
0
0
0
0
0
0
0
0
0
0
0
0
0
0
0
0
0
0
0
0
0
0
0
0
0
0
0
0
0
0
0
0
0
0
0
inf
0
inf
0
0
0
0
0
0
0
0
0
0
0
0
0
0
0
0
0
0
0
0
0
0
0
0
0
inf
0
0
0
0
0
0
0
0
0
0
0
0
0
0
0
0
inf
0
0
0
0
0
0
0
0
0
inf
0
0
0
0
0
0
0
0
0
0
0
0
0
0
0
inf
0
0
0
0
0
0
0
0
0
0
0
0
0
0
0
0
inf
0
0
0
inf
0
0
0
0
0
inf
0
0
0
0
0
0
0
0
0
0
0
0
0
0
0
0
0
0
0
0
0
0
0
0
0
0
0
0
0
0
0
0
0
0
0
0
0
0
0
0
0
0
0
0
0
0
0
0
0
0
0
0
0
0
0
0
0
0
0
0
0
0
0
0
inf
0
0
0
0
0
0
0
0
0
0
0
0
0
0
0
0
0
0
0
0
0
0
inf
0
0
0
0
0
0
0
0
0
0
0
0
0
0
0
0
0
0
0
0
0
0
0
0
0
0
0
0
0
0
0
0
0
0
0
0
0
0
0
0
0
0
0
0
0
0
0
0
0
inf
0
0
0
0
0
0
0
0
0
0
0
0
0
0
0
0
0
0
0
0
0
0
0
0
0
0
0
0
0
0
0
0
0
0
0
0
0
0
0
0
0
0
0
0
0
0
0
0
0
0
0
0
0
inf
0
0
0
0
0
0
0
0
0
0
0
0
0
0
0
inf
0
0
0
0
0
0
0
0
0
0
0
0
0
0
0
0
0
0
0
0
0
0
0
0
0
0
0
0
0
0
0
0
0
0
0
0
0
0
0
0
0
0
0
0
0
0
0
0
0
0
0
0
0
0
0
0
inf
0
0
0
0
0
0
0
0
0
0
0
0
0
0
0
0
0
0
0
0
0
inf
0
0
0
0
0
0
0
inf
0
0
0
0
0
0
0
0
0
0
0
0
0
inf
0
0
inf
0
0
0
0
0
0
0
0
0
0
0
0
0
0
0
0
0
0
0
0
0
0
0
0
0
inf
0
0
0
0
0
0
0
0
0
0
0
0
0
0
0
0
0
0
0
0
0
inf
0
0
0
0
0
0
0
0
0
0
0
0
0
0
0
0
0
inf
0
0
0
0
inf
0
0
0
0
0
0
0
0
0
0
0
0
0
0
0
0
0
0
0
0
0
0
0
0
0
0
0
0
0
0
0
0
0
0
0
0
0
0
0
0
0
0
0
0
0
0
0
0
0
0
0
0
0
0
0
0
0
0
0
0
0
0
0
0
0
0
0
0
0
0
0
0
inf
0
0
0
0
0
0
0
0
0
0
0
0
0
0
0
0
0
0
0
0
0
0
0
0
0
0
0
0
0
0
0
0
0
0
0
0
0
0
0
0
0
0
0
0
0
0
0
0
0
0
0
0
0
0
0
0
0
0
0
0
inf
0
0
0
0
0
0
0
0
0
0
0
0
0
inf
0
0
0
0
0
0
0
0
0
0
0
0
0
0
0
0
0
0
0
0
0
0
0
0
0
0
0
0
0
0
0
0
0
0
0
0
0
0
0
0
0
0
0
inf
0
0
0
0
0
0
0
0
0
0
0
0
0
0
0
0
0
inf
0
0
0
0
0
0
0
0
0
0
0
0
0
0
0
0
0
0
0
0
0
0
0
0
0
0
0
0
0
0
0
0
0
0
0
0
0
0
0
inf
0
0
0
0
0
0
0
0
0
0
0
0
0
0
0
0
0
0
0
0
0
0
inf
0
0
0
0
0
0
0
0
0
0
0
0
0
0
0
0
0
0
0
0
0
0
0
0
0
0
0
0
0
0
0
0
0
0
0
0
0
0
0
0
0
0
0
0
0
0
0
0
0
0
0
0
0
0
0
0
0
0
0
0
0
0
0
0
0
0
0
inf
0
inf
0
0
0
0
0
0
0
0
0
0
0
0
0
0
0
0
0
0
0
0
0
0
0
0
0
0
0
0
0
0
0
0
0
0
0
0
0
0
0
0
0
0
0
0
0
0
0
0
0
0
0
0
0
0
0
0
0
0
0
0
0
0
0
0
0
0
0
0
inf
0
0
0
0
0
0
0
0
0
0
0
0
0
0
0
0
0
0
0
0
0
0
0
0
0
0
0
0
0
0
0
0
0
0
0
0
0
0
0
0
0
0
0
0
0
0
0
0
0
0
0
0
0
0
0
0
0
0
0
0
0
0
0
0
0
0
0
0
0
0
0
0
0
0
0
0
0
0
0
0
0
0
0
0
0
0
0
0
0
0
0
0
0
0
0
0
0
0
0
inf
0
inf
0
0
0
0
0
0
0
0
0
0
0
0
inf
inf
0
0
0
0
0
0
0
0
0
0
0
0
0
0
inf
0
0
0
0
0
0
0
inf
0
0
0
0
0
0
0
0
0
0
0
0
0
0
0
0
0
inf
0
0
inf
0
0
0
0
0
0
0
0
0
0
0
0
0
0
0
0
0
0
Finished. bestScore: 6.24062e+06
cityOrder: 
